-0.271281
0.193508
0.085201
0.542841
0.007504
-0.784593
0.273417
-0.412965
0.989349
0.473411
-0.482944
-0.615686
0.341870
-0.084503
-0.211430
0.809590
-0.432857
0.499748
0.328329
-0.139621
0.241439
-0.263315
-0.272622
0.343361
0.677498
0.175768
-0.991254
-0.853107
0.301965
0.858596
0.416684
-0.600274
0.213624
0.151577
0.638051
-0.998488
-0.849189
-0.357885
-0.229782
-0.729134
0.082088
0.342245
-0.497254
-0.674424
-0.037784
-0.199297
-0.839141
-0.501291
0.888589
-0.291154
-0.009023
0.403464
0.797811
0.501492
0.198785
-0.964610
0.952173
0.256562
-0.933219
-0.934765
0.588536
0.975536
-0.338757
-0.043873
-0.033685
-0.782038
-0.837264
-0.696975
-0.326069
0.375597
-0.599192
0.872362
0.950204
0.046423
-0.621336
0.424705
-0.203494
0.848102
0.779244
-0.689668
-0.006132
0.258383
-0.581015
-0.910063
-0.170322
-0.078148
-0.777504
0.916191
-0.024584
0.416777
0.395532
0.676026
0.532501
0.266474
0.315214
0.594215
-0.151267
0.755676
-0.934977
-0.553518
-0.970495
-0.321598
0.860006
-0.575459
0.148151
0.521444
-0.365511
-0.877597
0.368405
0.988695
0.166178
0.593448
-0.162256
0.493833
0.581379
0.192312
0.399132
0.671366
-0.824019
-0.835759
-0.468384
-0.298348
0.766253
-0.414583
0.682926
0.582607
0.913630
0.358877
0.891416
0.226672
0.147539
-0.970840
0.979520
0.437526
-0.962975
-0.551911
-0.339038
0.739826
0.987998
0.192057
-0.455937
0.637245
-0.465955
0.737292
0.170393
-0.337275
-0.594335
0.283379
-0.809629
0.397196
0.419017
-0.558275
-0.922517
0.685673
-0.578645
-0.235731
-0.203921
-0.463973
-0.178078
0.542234
0.297504
-0.981275
0.836909
-0.315831
0.048306
-0.789322
-0.230521
-0.872636
-0.604789
0.174803
0.129885
-0.812387
-0.105563
-0.124815
-0.847753
-0.840147
-0.791446
-0.085223
0.768577
0.287952
0.260233
0.880505
0.982313
0.313717
-0.712769
0.119185
-0.756010
-0.682857
0.379397
0.330216
-0.086434
0.338596
-0.426375
-0.515818
0.047890
-0.788210
-0.633550
-0.711109
0.181749
0.823653
-0.759327
-0.909205
-0.003033
0.150822
0.294828
-0.103425
-0.220663
0.992977
-0.988445
-0.462054
0.869004
-0.482894
-0.149749
-0.784022
-0.292810
-0.995996
0.988919
-0.946332
0.263731
0.663860
0.718872
0.737424
-0.849588
0.191930
0.421116
-0.171177
0.852596
-0.293491
0.755527
-0.495741
0.271829
0.051660
-0.424074
-0.822440
-0.649406
-0.940968
0.650820
0.951261
-0.752752
-0.516163
0.910225
0.269747
0.868449
-0.345217
-0.515504
0.600857
0.274690
-0.309860
-0.473709
0.896865
-0.210176
0.254344
0.754206
-0.314398
-0.492701
-0.704444
-0.432165
0.873338
-0.902854
0.521584
0.993745
-0.921165
0.137549
-0.134915
-0.206682
0.728858
0.472301
0.355894
0.334033
-0.451126
-0.447678
-0.944399
-0.389192
-0.588822
-0.840909
0.200696
0.611372
-0.586858
0.823358
-0.728765
0.538303
0.764130
0.565227
-0.948185
-0.572972
-0.989885
-0.446720
-0.961050
-0.901510
0.788285
-0.955168
-0.592240
0.151428
0.515432
0.008914
-0.531224
0.003613
0.898077
-0.919098
-0.712574
0.690615
-0.978945
0.388482
0.200957
0.358716
0.070275
0.590165
0.802369
-0.912150
0.019357
-0.188291
0.250228
-0.706247
-0.130376
0.884572
0.670098
-0.889067
-0.957939
0.522966
-0.982417
-0.172433
-0.904220
-0.472017
-0.704419
-0.027155
0.908002
0.302427
-0.073311
-0.335464
-0.177471
-0.388672
-0.061333
0.081651
-0.128506
0.417911
0.333140
-0.659914
0.044963
0.639119
-0.484982
0.469457
-0.716606
0.530422
0.847711
0.908052
-0.679879
-0.401994
-0.580744
-0.471909
-0.993457
0.594255
-0.596924
-0.786268
-0.882777
0.230063
0.393523
0.204987
-0.060948
0.675449
-0.235029
-0.038880
0.850319
-0.041516
-0.496594
-0.696342
0.934801
0.935812
-0.882463
0.603358
0.328545
-0.030421
-0.028282
0.555037
-0.136047
-0.337179
0.504039
-0.641492
-0.376651
0.198713
0.873478
-0.494209
-0.494955
-0.901363
0.223864
0.189812
0.107330
0.790960
0.334943
-0.210015
0.731825
-0.595881
0.951069
0.926994
-0.687532
0.860989
-0.973419
0.827713
-0.204392
0.481985
-0.424882
0.761272
0.892816
0.062532
0.545479
-0.493851
0.846168
-0.084144
-0.372131
-0.664669
-0.447615
-0.228977
-0.246297
-0.184021
0.476734
-0.083297
0.201810
0.913741
0.871255
-0.811365
-0.010236
0.631847
-0.041012
-0.712691
-0.575555
0.143924
-0.316290
-0.990627
0.207550
0.700877
-0.076268
0.285023
0.881766
0.931556
-0.144519
0.312791
0.257680
-0.632517
-0.503127
-0.011961
0.716573
0.006143
0.097514
-0.659124
-0.271455
0.206525
0.290964
-0.901603
0.547337
0.218503
-0.298667
0.255070
0.272591
-0.978643
-0.622881
-0.954869
0.031045
-0.345871
0.292431
-0.173389
-0.983113
0.575224
0.494251
0.061233
-0.797854
-0.554081
0.695118
0.489874
-0.882281
0.460449
-0.776402
0.462283
0.846959
0.032372
0.301260
-0.758441
0.842053
0.971646
0.021767
0.044463
0.794495
0.074228
0.398973
0.292415
0.463852
-0.478223
-0.638580
-0.827414
-0.693185
0.273584
0.485329
-0.275767
-0.159807
-0.938142
0.695292
0.141770
0.845835
0.752333
-0.884941
-0.561177
0.318134
0.600076
0.774112
0.160830
-0.383468
0.255584
-0.373846
-0.952779
-0.412157
-0.697503
-0.119894
-0.706589
-0.951446
-0.864783
-0.108253
-0.485413
-0.637392
-0.341775
-0.708514
0.039945
-0.059249
-0.127947
-0.089222
-0.937883
0.416080
-0.506062
0.335074
0.536651
0.374440
0.390265
0.994918
-0.142583
0.425953
-0.875390
0.827910
0.096932
-0.644062
0.453593
-0.099423
0.940121
0.521115
0.144002
-0.141233
0.418053
-0.308139
-0.999425
0.809945
0.008427
0.163792
0.736746
-0.361452
0.043932
0.425896
0.943789
0.748755
-0.222249
0.182008
0.157216
0.731330
-0.481067
0.943872
0.246703
-0.412801
-0.457409
0.808993
-0.476032
-0.037763
0.814785
-0.684469
0.969154
-0.474097
0.531391
-0.490218
-0.152778
0.921456
0.614206
0.929861
-0.761332
-0.221723
-0.456781
-0.063717
0.754845
-0.439662
0.274432
-0.475969
0.374071
0.490142
-0.057153
0.852684
0.407655
0.119633
0.857525
0.984666
0.654639
0.881654
-0.027750
-0.862085
-0.954815
-0.226304
-0.436348
0.913922
0.542987
-0.135876
0.571796
-0.684101
-0.997017
0.386085
-0.377980
-0.324145
0.046538
-0.838656
-0.367304
-0.580091
-0.010003
0.748602
-0.327837
0.591892
-0.380131
0.120556
0.515832
-0.380292
0.654387
-0.172357
-0.485037
-0.651671
0.670796
0.871598
0.563003
0.349904
-0.880923
0.445108
-0.789655
0.014304
0.949013
-0.171562
0.373003
-0.122777
0.717611
-0.097360
0.352398
-0.647923
0.850119
-0.212603
0.673687
0.303387
0.321693
-0.303510
0.284957
-0.360299
-0.222939
-0.940319
-0.821558
-0.389532
-0.905974
-0.128209
-0.885617
0.555666
0.314607
-0.427536
0.312914
0.379463
0.500700
-0.224354
-0.297952
-0.204184
0.162898
0.057117
-0.404127
-0.571355
0.876748
-0.255505
0.462562
0.617696
0.567667
-0.539006
-0.158067
0.235367
-0.641124
0.089534
-0.924193
0.995796
-0.035876
-0.397687
-0.720962
-0.114644
-0.525077
-0.167753
-0.605826
0.148640
0.401271
-0.145107
0.712004
0.361902
0.617319
-0.169642
-0.660956
-0.962484
0.313163
-0.274789
-0.059024
-0.284689
0.369464
0.028582
0.632097
-0.376865
-0.189496
-0.952834
-0.248376
-0.753342
-0.679165
-0.327671
-0.542526
0.690497
0.760818
-0.911538
-0.685830
0.342510
-0.509458
-0.323323
0.538753
0.668498
-0.804379
0.084784
0.415493
0.604204
-0.896510
0.540134
-0.518367
-0.988652
0.268170
-0.535018
-0.027979
-0.643739
-0.053299
-0.624565
0.846493
-0.373673
0.065491
-0.475278
0.555452
0.028162
-0.415258
-0.654876
-0.098837
-0.576724
-0.905583
0.071879
-0.129741
-0.419398
-0.066736
-0.520711
0.268185
-0.007392
0.186267
-0.209056
0.105677
-0.521769
-0.240602
-0.823857
0.278293
-0.689037
0.555782
0.837813
0.946333
-0.613387
0.181981
0.225229
-0.442622
-0.786466
0.567787
0.500918
0.454940
0.472676
-0.235749
-0.752951
-0.371895
-0.374308
0.764429
-0.628958
-0.500566
0.768692
-0.096674
-0.985819
-0.266689
0.078966
0.457666
-0.268469
-0.568198
0.895649
-0.386584
-0.132977
0.134233
-0.813067
-0.649919
-0.542547
-0.794825
0.655657
0.792301
-0.164261
-0.676870
0.130976
-0.231974
0.934180
-0.079338
0.372780
0.053188
0.789882
-0.008824
0.540522
0.051279
-0.014786
-0.386124
0.354243
-0.002587
-0.636152
-0.455773
0.664341
-0.878504
-0.763253
-0.396361
0.195360
-0.212528
0.606191
0.152222
-0.352457
-0.554818
0.858977
0.298794
0.920575
-0.099076
-0.169518
0.451027
0.837579
0.789078
-0.184204
0.466755
-0.976387
0.834649
-0.807549
0.939710
-0.956120
-0.292476
0.941838
0.935303
0.102235
-0.075577
0.857144
0.491117
0.465848
0.952346
0.686455
-0.239243
0.910275
0.580938
0.428656
-0.251803
0.150534
-0.758165
-0.646719
-0.382740
-0.900651
-0.779333
0.695930
0.380384
0.185501
-0.950313
-0.743388
-0.991899
0.397446
0.135885
-0.560662
0.163876
0.700318
-0.942977
-0.202073
-0.631512
0.381897
-0.174812
0.293793
0.745089
-0.573565
-0.883661
-0.365629
-0.775667
-0.051913
-0.218753
0.689797
0.893594
-0.974454
0.446874
-0.443766
0.380265
-0.246015
0.471321
0.263397
-0.612461
0.034154
-0.096312
0.704825
0.786617
-0.115517
0.633090
0.739828
0.389778
0.068408
0.323413
0.644621
-0.111966
-0.024519
-0.488868
-0.101756
-0.234809
0.838376
0.041024
0.192848
-0.707388
-0.278905
0.747228
0.194648
0.553328
0.564624
-0.797967
-0.221152
0.002851
0.236885
-0.783377
-0.963958
-0.263443
0.361307
0.232182
0.299240
-0.281578
-0.427415
0.087804
-0.243669
-0.518095
0.288879
-0.697543
0.521578
-0.337138
-0.353347
-0.711488
0.701094
0.959903
-0.017748
-0.671450
-0.706443
-0.346411
0.568883
0.584159
0.950422
0.119619
-0.083004
0.597821
-0.936208
0.488217
-0.913883
0.414342
-0.641750
0.507775
-0.325865
0.177884
0.998922
0.700183
-0.561525
0.093200
0.187352
-0.009251
-0.998433
0.329850
0.260472
0.834247
0.519597
0.507890
0.214880
-0.338253
0.653998
-0.961638
-0.028087
-0.240940
0.535875
-0.254279
-0.826272
-0.538762
-0.862953
-0.971684
0.520620
-0.135213
0.872407
0.186466
0.093461
0.679580
0.691348
0.961943
-0.691048
-0.759658
0.648101
-0.107115
-0.212498
-0.811413
-0.654385
-0.594606
0.905400
-0.892773
0.340924
0.015920
-0.498383
-0.869791
-0.355079
0.457169
0.399276
0.890155
-0.156175
0.450376
-0.931409
0.248099
-0.318190
-0.730632
0.129482
0.602286
-0.619930
-0.371923
-0.701683
0.255348
0.908766
0.988503
0.144614
-0.990029
-0.461717
-0.979285
-0.780644
0.653440
0.005813
0.599005
-0.042728
-0.733440
-0.532543
0.152184
-0.679664
0.383971
-0.993936
-0.996441
0.382953
-0.919636
0.026293
0.510973
0.523662
-0.942898
-0.241724
0.033587
0.334208
0.552937
0.295299
0.605731
-0.905703
-0.169299
-0.818293
-0.578799
0.156882
0.091946
0.266282
0.654571
0.095036
0.603134
-0.868150
0.464206
0.516673
-0.748177
0.881089
-0.447195
-0.305231
0.538324
0.356790
0.940376
-0.139546
-0.558811
0.375680
0.467525
0.803932
0.646872
0.910286
0.118818
0.777773
0.979377
0.175955
-0.550470
0.398154
-0.180876
-0.276108
0.530549
-0.063261
0.623060
-0.705642
-0.161709
0.784906
-0.535173
0.967721
-0.774335
0.285140
0.735340
0.068455
-0.901827
-0.055313
-0.635462
0.415089
0.465483
-0.868375
0.267017
-0.994504
0.441951
-0.833842
0.585408
0.752433
0.703098
0.034545
-0.379515
-0.619875
-0.033127
0.992780
-0.570800
0.499448
0.985792
-0.299305
-0.709597
-0.119117
0.003782
0.661323
0.393469
0.792518
-0.566376
-0.283378
0.932329
-0.769825
-0.920844
-0.171538
0.364937
0.145966
0.778576
-0.219742
0.294132
0.740211
-0.122031
0.541932
0.060877
-0.201797
0.797330
0.246481
-0.208573
0.676294
-0.278728
0.381646
0.027194
-0.674534
-0.558705
0.724331
0.644378
-0.940368
0.774364
0.604385
-0.388062
0.250921
0.373080
0.860253
0.627656
0.199234
-0.350899
0.389044
0.063052
-0.537444
-0.270353
-0.977382
0.533213
-0.271169
0.694759
-0.230113
-0.212268
0.720594
0.223806
0.352058
-0.583813
0.970920
-0.073696
0.022543
-0.546279
0.572107
0.190951
-0.690434
0.269429
-0.206669
-0.984735
-0.258725
-0.401301
-0.957532
-0.544512
-0.193872
0.282029
0.313916
0.188232
-0.212358
-0.369523
0.670981
0.858310
-0.273135
-0.160169
0.618587
0.293734
-0.834402
-0.715104
0.393267
0.585464
-0.633130
-0.525017
0.078856
0.178130
-0.121519
-0.198042
0.091106
-0.409829
0.426903
0.736911
-0.689898
0.725931
-0.145480
-0.153549
-0.054742
-0.709032
-0.327607
0.619352
-0.518750
0.752913
0.390893
-0.630475
-0.514079
0.909803
0.237216
0.156841
-0.194325
-0.264381
-0.929491
-0.971008
0.499489
0.749458
0.355669
-0.293199
0.796407
0.162589
-0.526570
0.083432
-0.821130
-0.668665
0.548336
-0.848192
-0.674682
0.902198
-0.367886
-0.765830
0.558255
0.357596
0.315707
0.699718
-0.010431
-0.260945
-0.966785
0.210965
0.464716
-0.417380
0.366896
-0.159999
-0.073226
0.842436
-0.498874
0.627861
0.158146
-0.514874
0.177811
-0.484183
-0.949838
0.466443
-0.724271
-0.749842
0.946024
-0.291370
-0.918799
-0.933139
0.087620
0.388006
-0.965218
0.615937
0.033373
0.269091
-0.804069
-0.626761
0.556658
0.044005
0.705668
0.268822
-0.957913
-0.294194
-0.935130
0.983718
0.782189
0.399249
0.577682
-0.926896
-0.504519
0.133936
0.674454
-0.073274
0.475881
-0.001484
0.392172
0.512995
0.931736
0.131843
0.236904
-0.111906
-0.267755
-0.646140
-0.784364
-0.864102
0.310762
0.489613
0.206161
-0.625292
0.498781
-0.431590
0.945059
0.346693
-0.774189
0.776980
-0.371928
-0.442194
0.735363
0.308151
0.578433
-0.100918
-0.262383
-0.059041
0.624599
0.985510
-0.543750
0.740776
-0.708063
-0.119815
0.099727
-0.481186
0.715431
0.780101
0.664707
-0.178996
0.216066
-0.723254
-0.480223
0.809502
0.227377
-0.015809
-0.043567
-0.541930
-0.971457
-0.111314
0.837386
-0.472922
0.088857
-0.653525
0.400650
0.672982
-0.013207
0.684093
-0.795983
-0.453134
-0.828206
0.586692
0.114713
0.616788
-0.713377
-0.013921
-0.712448
0.320007
0.733757
-0.555124
-0.722667
0.966677
-0.674262
-0.125505
-0.540548
0.288725
0.875910
0.310548
-0.534021
-0.405686
0.768487
0.584126
-0.104966
0.768628
0.891596
0.733423
0.505268
-0.547227
0.570203
0.736583
-0.263778
0.718775
-0.570993
0.071599
0.354483
0.426044
0.877172
0.250663
0.857295
-0.555047
0.502538
0.027130
-0.452065
0.073968
0.660866
-0.283543
-0.688401
-0.750284
-0.431445
0.206597
-0.958971
0.789855
-0.342372
-0.408014
0.022202
0.231957
-0.209825
-0.714247
-0.889158
0.237815
0.337938
0.345893
-0.557560
-0.111997
0.725953
0.169378
-0.457502
-0.160676
0.292933
0.373619
-0.533475
-0.711190
-0.398910
0.330159
0.860137
0.517880
-0.623856
-0.981847
-0.664313
0.494680
-0.287746
-0.866244
-0.943072
-0.367073
0.786268
-0.609691
0.448058
-0.814664
0.643587
0.638771
-0.975124
0.079662
0.830676
-0.374607
0.350730
0.757831
-0.664454
-0.381671
-0.085756
0.195906
-0.236480
0.217624
-0.198277
-0.632897
0.947951
0.700513
-0.760540
-0.012241
-0.874593
0.332124
-0.767440
-0.104650
0.342344
-0.122398
0.011644
-0.664791
0.339975
-0.168619
0.862257
0.884709
-0.406934
-0.133328
-0.956874
-0.464315
0.981795
-0.515027
-0.964768
0.240375
0.320893
-0.494811
0.709213
-0.022195
-0.879141
-0.599734
-0.340497
-0.647725
0.408232
-0.953276
-0.851597
-0.867445
-0.102206
0.663109
-0.117248
0.413908
-0.627515
-0.390234
0.835742
-0.935311
-0.514748
-0.513894
-0.466109
0.722351
0.869403
0.315859
0.494132
0.931427
-0.300192
0.737523
-0.095481
-0.380105
0.571574
-0.974197
-0.153599
-0.922348
-0.577682
0.898454
0.737359
-0.650953
0.192703
-0.106090
-0.137794
-0.494807
0.909528
-0.801236
-0.270115
-0.329262
-0.112850
-0.421297
0.014441
-0.743498
-0.596645
-0.756572
-0.014513
-0.378738
-0.937062
0.409706
-0.104517
0.036844
0.595721
-0.223193
-0.660513
-0.092232
-0.416628
-0.256698
0.892396
0.107401
-0.818313
-0.431055
0.722932
-0.651797
-0.428884
0.815853
-0.429841
-0.786783
-0.134488
-0.206029
0.605157
-0.534760
0.720198
-0.848147
-0.271615
-0.605915
-0.147833
-54.957791
-56.092298
-57.110109
-52.953446
-52.145448
-54.891993
-54.994154
-55.595898
-47.940877
-51.660714
-44.299148
-51.547621
-50.935971
-48.015480
-41.651156
-39.742457
-54.711409
-62.503203
-52.453284
-55.056575
-53.233413
-56.356356
-57.074634
-54.959131
-52.686882
-54.399631
-49.409556
-46.926353
-48.849347
-46.314781
-43.381967
-45.112597
-57.211313
-55.644556
-56.368253
-59.087006
-50.405707
-49.653812
-48.929846
-49.998929
-46.893167
-48.231867
-51.837519
-51.492269
-50.526912
-47.651980
-43.863489
-40.990611
13.295989
6.162173
6.144155
10.177852
8.338879
8.062860
14.112630
12.060363
9.483154
11.002906
14.682259
5.026802
13.171744
6.805012
8.282010
13.599527
5.263174
5.520716
14.664947
12.379487
9.509887
12.057477
12.424888
11.613580
10.569105
8.823473
8.145036
6.470710
11.199445
13.704241
9.425670
7.281797
10.145394
10.671757
14.567287
10.719985
11.775400
7.828841
14.695574
8.207491
5.305908
14.162805
10.642719
14.753382
10.809353
7.613823
13.387485
13.479747
1008.577614
709.209822
22.645029
18.395960
18.866992
16.676396
11.328335
17.636484
10.646592
12.663159
10.374340
6.602216
4.525762
5.483094
4.765952
4.043559
1000.962942
709.643476
14.466391
18.799658
21.484553
19.332589
15.798983
10.337112
11.917536
15.949166
15.072591
6.437680
7.964231
5.327808
10.072184
7.313926
1008.210795
704.002342
21.676559
16.058303
15.974265
19.718668
14.330929
9.664908
13.338834
15.939978
10.925388
8.428268
12.252032
10.787125
7.973736
2.621986
-490.298516
16.559463
20.726834
22.320332
12.608066
19.121381
10.636052
11.756460
10.038060
11.834869
7.372393
14.885634
5.534255
11.104311
11.857671
3.027855
-493.295828
20.486950
16.889314
13.159076
18.771624
18.913062
12.252308
18.866080
14.293823
15.146481
8.900283
5.646842
10.137071
3.676044
10.671726
5.327526
-498.906690
23.239889
20.971157
19.448633
20.677375
14.403827
10.192895
13.610688
8.116268
15.269143
10.090102
14.568175
4.803511
10.389442
6.810828
2.345127
