-3.630375
5.375359
-10.655844
8.574516
-9.320083
5.760843
5.651019
-6.206911
17.895842
-4.089779
-2.087850
-4.139780
-9.857132
-4.722458
3.416843
-5.942050
-5.423487
7.354297
-3.391674
-7.522533
-7.302296
-5.364658
-11.091735
7.680431
-2.567261
6.867689
-5.408624
0.432941
6.648108
-6.289131
-1.339578
-4.694419
-0.408905
-4.982607
-7.810630
6.620690
5.047281
0.180308
0.100301
2.434512
-4.369309
-8.747542
-6.906937
4.516891
2.374256
1.670049
2.554295
7.671218
10.756526
2.675302
-3.603940
-2.711816
-0.040671
-8.899695
-1.012155
-2.481378
12.027613
1.816430
-9.523091
-6.235105
-7.485801
0.753261
5.524779
-5.461400
-3.104149
3.059191
6.249969
-4.262965
3.085314
-1.637864
-0.823673
6.369606
-0.319359
-8.911232
-2.934936
-5.627423
2.072446
-3.458973
6.717901
7.223797
5.541201
-3.245227
9.144896
0.794670
-4.505492
6.895094
5.829055
-1.218917
-0.464469
6.708218
-1.180434
-0.732351
-3.177824
8.798929
1.898784
-1.144101
-1.313388
8.342086
-5.041165
-4.137588
3.563727
-1.631563
7.747306
-1.092581
8.871591
7.700438
-9.944749
0.822833
-6.709634
-9.681784
4.996368
6.937468
4.972182
-1.373840
-4.465756
5.225525
-9.397778
1.042903
0.803833
4.033863
-3.208136
7.223246
8.404518
-13.021722
-12.514854
2.223944
-1.064454
-8.206502
-7.929527
-3.008314
-2.892374
-11.831320
7.021242
5.788294
4.379613
-6.341239
0.305035
8.183882
-6.688689
-10.543470
0.081060
2.253485
-5.705214
-2.256333
-4.406534
-1.797845
-3.122247
5.643610
3.479496
-5.559063
-7.713203
0.276258
-5.892756
-7.580810
-4.984014
-10.113735
-7.752088
5.046186
-4.606555
-2.454153
5.009580
-3.621602
-2.074917
9.802269
2.028979
28.911452
-13.271008
-14.154113
-0.157638
-11.687402
0.562881
-9.244076
13.080255
8.154519
5.842245
1.536331
-8.061693
7.471960
2.186145
-5.213716
5.603066
-0.581058
13.795328
-3.196426
-1.801883
-0.433615
-4.809766
6.933077
5.074587
-3.770827
2.989347
-1.431811
3.491099
-16.004177
4.384528
3.439410
-3.418318
2.851584
-6.127356
-5.654542
-8.916808
3.427992
3.507295
5.961083
4.359102
10.128013
1.561778
19.058313
-6.531856
-8.766648
-5.642692
-6.068085
-9.835897
-5.230850
-4.822205
-1.271452
7.501661
6.637968
9.408902
-0.721983
2.616852
4.310672
2.824251
-2.096023
4.265285
5.728030
5.483289
-0.635698
3.017728
4.790034
6.826906
9.019594
0.584424
-5.403364
-9.090531
-3.850673
-16.913667
7.748306
-11.035014
19.804788
0.812686
4.073497
-4.258658
-10.777916
-5.163182
4.420035
5.252462
0.637446
7.278226
-4.759027
2.261011
-9.816010
3.547611
7.115604
-5.398134
3.487108
-1.048826
-5.737072
-3.671871
-2.598875
-3.322927
-4.904274
-3.219573
-2.953161
-1.479024
-12.529410
5.485401
1.826493
-4.469499
-2.820802
-3.559208
-10.465277
5.403460
-5.442912
-5.670860
-3.715763
6.239600
1.739209
11.116870
-5.760026
-3.982376
-0.064564
-6.357698
-0.605671
3.294512
-4.805489
-6.143445
5.647539
-11.486824
-1.215067
9.075285
-5.719903
0.767078
-11.052334
-6.387012
7.417523
-7.961987
14.939852
9.932177
-8.468735
6.355555
8.494762
10.791662
-0.153526
5.242341
3.952438
5.868632
2.895094
0.598115
3.358485
-8.336706
-3.033569
-6.387282
2.221517
0.636297
8.515748
4.929304
11.761485
9.799221
-10.183788
6.169003
1.927929
2.297384
3.893249
3.501543
-11.012536
-37.303398
-4.114621
0.463849
-5.219124
-10.599123
0.500620
2.379589
-5.346651
-6.181489
4.768495
8.246300
18.041519
5.221772
-0.348277
-11.615889
-2.760462
-2.616495
-6.848170
-4.935213
-5.014653
-3.136017
-10.095864
3.912332
14.415143
-1.078641
-3.354766
0.558503
5.238843
3.463410
0.645196
16.731797
14.014214
6.619676
7.601310
2.279782
-4.331183
-8.547130
2.242994
5.511274
2.273651
-1.145959
5.641674
3.808908
-10.214221
9.903652
0.950391
2.460742
1.563903
-3.395173
-4.603731
-3.109616
2.093937
-3.116154
-1.992061
0.029991
4.318820
20.652122
-2.412194
0.454148
7.345068
0.194121
1.855860
-9.205104
-4.181819
5.366271
8.215571
1.013626
36.853643
-1.237135
7.956799
-3.462486
-5.695618
-3.535265
6.540050
0.820618
-4.219501
-1.316192
-3.128119
-6.111042
8.790240
0.835648
9.798869
-8.087630
-1.729555
6.899204
1.123414
-4.147219
8.591881
-8.974403
-2.352430
9.565868
5.125365
2.415440
-12.454972
-3.784024
-11.437119
-0.674621
13.805555
-1.074637
-4.865023
-4.826619
-5.360174
-7.431709
-5.026615
2.054591
1.564887
-4.124948
-2.247674
-10.125199
-0.639501
4.186327
2.809037
11.012594
13.790836
-7.408631
-16.049766
-1.456480
-0.486359
9.629337
2.759308
-5.590217
5.229693
6.404604
-0.777844
-3.620468
-2.779703
-10.078125
13.897951
-1.505589
-10.060399
5.089847
12.320126
-9.414296
-7.444346
-3.410593
0.426567
-5.897612
-2.759092
-4.918539
8.308856
-0.803227
2.486044
5.539137
-1.484889
-10.669613
5.210702
-2.198527
2.199798
-2.055910
-4.600551
7.252164
6.181774
8.294599
-1.908324
-8.312672
4.535320
1.946936
8.864752
6.390685
-7.092906
-1.339236
-1.248335
0.736893
8.944439
-3.633439
-5.956875
-3.977026
-3.412521
-5.514921
-7.298111
-1.133708
-8.833600
3.196818
9.132272
-4.281174
3.724497
2.391194
-3.834834
-2.041469
11.715527
-2.223241
-0.848552
-10.725816
7.174490
7.358147
-6.997099
7.915442
8.685342
-8.099507
-6.806071
2.399836
1.139117
4.927615
-1.771541
-4.039028
-3.267004
-1.923451
8.642672
1.975130
1.015768
-5.123586
-5.130137
4.227355
0.073930
2.641838
-7.589684
2.784123
7.674571
9.407297
-5.896480
4.273374
-7.961883
-8.366284
-0.552289
-2.153798
10.940259
6.686421
0.392571
8.245256
-7.078262
5.383397
-2.148616
-7.935340
0.444154
-2.883821
2.422340
-2.228103
-4.883544
-1.379037
-1.833662
2.940304
1.180687
-1.998441
-4.634097
6.281922
8.773540
-1.795837
-11.222523
3.207114
26.133337
-5.339191
-0.929248
0.390061
-0.799734
2.013896
5.367503
6.053624
-1.145899
-4.554955
1.678633
1.991503
8.590028
6.340310
-2.203272
7.845306
-9.886967
5.653752
2.247800
-0.258784
-3.260432
-6.606542
-1.388730
-5.840822
-5.044376
8.333306
3.332297
-6.506831
-0.283020
-3.042053
8.806175
0.360756
-3.997705
9.823880
-10.749902
2.921699
2.003103
5.548445
6.574215
6.847307
0.189752
4.757113
-1.810303
-11.985258
1.492577
-3.447479
-2.442598
5.169474
0.808454
2.060062
-10.208863
27.453357
-4.627400
7.655893
7.734223
-15.001468
2.224740
6.703364
6.725169
-0.230156
2.795178
3.589584
-3.481322
6.771401
5.103887
-2.849364
-8.631992
-2.593612
-4.218691
-5.283118
-5.821776
3.217651
-6.848619
-8.177550
-2.403054
-7.466964
-6.909156
-5.243430
5.680797
9.596429
-10.466317
1.054739
-6.938303
-4.746441
-11.065751
7.769454
4.604655
1.745167
3.485375
0.926829
10.686761
4.369718
-4.416419
9.354989
-1.398146
-5.997747
-1.466972
2.290410
1.150590
-0.321383
-4.286374
0.104410
2.291148
-3.892475
-3.729227
-0.889989
6.577826
-1.030995
-5.394794
-9.109530
-2.178458
-6.711692
7.572287
-3.311180
4.880116
-2.116404
-3.843742
-5.039535
9.276996
6.214596
5.859779
5.705819
4.416300
6.156371
9.785473
-2.568406
8.661009
-1.610355
-1.370690
-1.456375
3.359998
3.153737
-1.136393
1.406755
4.840783
-3.323784
-6.240336
9.207694
-12.508782
4.792915
-4.891309
-3.167926
-6.228023
-5.908147
3.302612
-5.946759
-6.053187
7.810787
-1.480737
-2.662318
5.864018
-12.304557
0.039583
-5.560112
-2.703735
-4.362767
-8.513165
-7.787791
-3.321402
6.210665
-7.385362
-2.945030
-1.020693
-5.452376
-2.479099
9.109821
3.730699
5.406859
-3.412127
-4.671262
-6.476300
0.754154
1.521337
0.192462
-7.545997
7.176752
1.090954
3.127137
1.773980
-1.777086
-5.520122
-1.162676
-2.132255
4.451762
1.523129
1.096713
-6.411532
3.075405
-9.492158
7.762325
-1.632761
-1.259505
3.256166
9.342408
11.856568
-6.180837
-0.097379
11.242923
-5.174452
-1.728290
1.178036
6.690026
-8.051003
3.785375
-0.396415
-5.238385
6.451640
-2.899187
-8.339173
0.711482
-1.731340
-3.187866
-5.408779
4.610581
2.253271
-8.443761
-6.740839
-0.325541
0.818962
-7.574668
7.420567
12.306036
2.218306
-4.943549
-1.558773
-9.392974
8.332850
-2.980286
1.016668
1.977438
0.287990
6.272481
1.404317
1.190810
9.108680
6.248997
8.576128
6.753647
-6.232577
-7.711844
-3.121773
-8.162985
10.483981
-7.245710
5.819863
2.996758
-0.773932
-6.742878
-10.914834
-2.433239
-6.801224
3.744530
3.010162
-3.452390
-3.930498
-3.564343
6.757382
7.739481
5.104322
-2.576259
-5.859807
7.397822
5.084997
9.607088
-15.077183
12.075344
-0.294518
4.045878
-0.623229
3.740890
-5.164668
8.156039
-3.786554
6.798410
-1.651517
-6.690528
-1.805012
0.929984
-2.626287
1.463404
2.230074
-4.836919
-6.410561
-3.709410
-3.713219
-22.072578
-4.996381
-1.935903
-5.109233
5.421214
2.468707
-1.589457
7.564891
-4.692210
-6.330161
7.103475
-7.834707
-11.433595
7.238310
3.516817
-8.819069
-2.562127
-0.568029
4.721622
1.553120
6.666305
-1.637734
-8.351400
2.381798
-7.797666
2.520569
14.749955
11.347271
-2.874309
1.284284
-6.301457
-10.533248
2.666583
3.322719
18.141388
0.721956
-2.486044
-3.157392
-0.798731
0.177767
3.478825
4.774978
-1.147573
4.012016
16.743313
7.518982
-7.805961
-1.546092
6.394995
13.166638
-6.856521
1.633286
4.699298
-0.689506
-14.421937
6.021856
6.212284
3.349713
-4.740219
-7.721207
12.064144
9.514285
-6.909271
2.971768
1.279609
-9.320249
10.641718
1.628650
-0.707691
3.241300
-6.191712
2.468486
2.381404
-5.689717
-2.624009
-8.686772
2.019577
-0.036750
4.968982
-1.980763
-5.209720
3.240626
7.842333
-4.973139
-7.502185
6.420256
9.665396
-0.071562
6.902694
0.485154
-9.059394
2.981875
-6.171965
5.610039
9.205064
-3.173012
1.216388
0.316586
-5.152866
-5.484098
-3.829795
-0.054956
2.744046
3.473356
-5.324643
-8.233343
4.681839
2.180692
6.960032
-5.045633
1.890318
-3.169885
7.034465
-5.236348
-0.267815
12.340759
-1.542621
8.209100
6.191289
-6.803041
2.848432
-4.615760
-8.214608
5.300348
0.333570
2.792709
0.893936
7.969524
-6.281894
3.427280
-4.188286
5.994224
-0.181215
8.219479
-0.259171
9.943946
-1.538706
-0.420838
4.317039
-13.807034
5.533027
-9.630068
3.547913
-3.783277
0.765901
-8.450514
-5.020851
3.579138
-3.952786
-5.422608
-0.847970
-4.094812
5.432615
7.437721
-3.799505
-5.647728
-6.193637
7.481895
20.173574
-0.428299
8.890056
3.785058
-0.192928
1.573557
8.933157
2.265273
-5.653563
4.398718
3.636375
-6.735558
3.701922
-2.386782
5.052679
-5.715008
6.855313
1.963294
-0.931751
1.177467
0.065153
7.526117
0.600280
6.053265
0.553818
1.240173
-8.360303
-3.564068
-2.806139
7.482031
4.909962
8.992198
-0.648324
2.230380
1.690777
-0.931972
-2.563718
9.860110
-5.744873
4.794687
-7.787285
-3.146944
10.322502
4.714544
0.884847
-0.512516
5.694973
-1.234436
1.408000
-6.335449
10.235251
-2.121972
-2.234387
-1.749702
-0.045171
3.708712
5.910543
-1.350318
-2.486349
9.523857
4.065371
1.349445
6.209594
6.040115
-6.146413
6.908281
-4.296291
-7.245090
3.691170
1.542412
5.259886
6.972767
-4.884427
-8.436064
0.884486
2.048877
2.161312
1.961834
-5.215313
-4.710627
-4.550773
-8.624343
11.347660
-11.663582
1.921523
-5.651811
6.191601
3.078068
6.466945
4.966984
-8.381708
-7.143380
1.394317
6.767009
-0.116849
3.758186
3.327722
-2.925001
-3.959236
-3.924354
-8.428332
9.195310
-4.650518
-4.485674
-3.623676
-4.220965
5.522749
-2.001049
-3.415352
-8.516015
-0.035816
-8.663449
4.802068
-3.869408
12.751134
6.148429
2.716871
7.866324
5.365647
-6.058428
-1.951770
10.554701
-8.987941
-0.219584
-8.938674
-10.246428
-20.189510
-2.229402
-3.095832
4.736092
7.433161
-16.341239
-0.268388
3.388882
-0.016085
0.776984
-9.205789
0.403065
10.288779
13.536179
7.757200
-9.709097
-1.894828
-2.874231
0.230747
8.683839
14.980784
-3.206587
4.262916
-1.438100
7.687708
6.833905
-2.524304
2.854433
-1.046438
-8.321819
0.284613
-8.927827
1.683807
11.144388
0.588924
-6.358612
-8.274025
23.000279
-3.984713
-2.154330
1.281901
12.002241
-9.758148
-10.000022
2.093518
3.160408
-2.655149
-4.923705
0.536504
-10.279651
-9.692538
7.622982
5.690223
-0.832951
4.470859
-0.316855
1.156507
5.171102
-2.689209
4.756517
8.764127
8.236501
2.158340
-4.072387
0.311929
-1.827984
-8.102132
-6.036086
-4.130872
0.172796
-1.206440
-0.687856
3.748474
14.588350
-7.761905
-4.845726
-1.088379
1.990102
-7.936575
-1.230938
-2.703569
6.497088
-10.561317
2.832490
6.008725
0.104207
0.942192
-3.203477
4.724077
3.409667
1.185043
-13.655510
2.911971
1.531380
0.986350
2.941068
7.614381
-19.005240
-0.089253
-6.363930
4.739819
5.539015
-2.629112
2.237244
-14.480411
-1.307651
-1.516101
-7.237581
-18.178078
4.293453
-0.789927
3.720872
-1.165920
-9.838319
0.282695
-5.260894
9.011141
-9.327120
6.640962
-3.909593
1.281374
1.322145
7.980768
-0.477650
9.168095
5.680365
3.645455
-26.969172
-3.937275
5.229623
-0.936998
-7.343227
-0.014476
-6.728267
-2.937611
0.773494
5.432469
-2.497820
-5.147124
9.483017
7.715335
-6.340857
-4.544468
-3.057016
4.421069
5.866709
-4.727207
-4.544566
3.490569
5.778376
3.565344
-0.737536
-5.625284
-5.655097
-3.792212
0.054948
1.739641
2.142314
0.122186
-4.552494
7.847371
2.147049
10.764948
3.218079
0.003190
3.742998
-1.424580
2.586132
5.654323
-7.848101
6.879756
2.901118
-3.251327
3.400194
-9.804762
0.909861
0.168831
0.475326
-3.669078
-5.042388
12.095899
0.726042
-4.795613
1.468592
11.453838
-8.432458
-7.911376
7.396406
4.172400
-2.688405
-6.425323
10.241358
8.499814
4.860436
-2.532716
-3.432610
-8.853556
-1.323726
-2.175418
-7.189134
-4.303925
-1.435131
7.119752
-2.425688
-4.494920
13.028575
-8.993222
8.085933
9.010764
-6.883715
7.670405
1.660551
-1.115425
1.915008
-3.150470
6.467351
-1.420102
-2.817355
3.115501
2.283141
4.724023
-1.155254
-0.578608
3.911472
3.851526
8.190246
0.602047
4.847933
-2.736909
4.056940
6.704120
-2.257822
6.251388
-1.107895
5.220626
2.036297
-6.144996
6.031501
-5.504429
-0.816522
5.353712
-5.761389
-7.887786
3.791800
6.740237
-0.764740
1.770748
1.942810
-2.371979
2.903207
-8.289982
5.434464
3.148768
-4.523006
-3.710210
-8.599257
1.782947
-3.134683
-2.199242
0.914691
4.911696
-3.973264
-0.781020
-2.726962
1.762097
-4.882431
-4.319397
-4.268970
4.457126
0.556140
4.107786
9.284766
-1.987477
-1.730035
-5.512992
-3.602865
8.602458
8.920196
-5.441577
2.183356
3.249635
-0.830852
18.610795
-3.878654
8.140681
4.755085
9.021466
-0.849620
1.781264
9.280250
-11.460179
4.493263
1.006652
-11.141136
7.261509
-4.461037
7.774565
-7.499702
-4.141291
-8.217554
5.622022
-8.335965
-4.094405
-6.066654
-7.926810
-7.720307
5.850906
6.555988
1.582433
2.216143
3.560505
-12.776750
-9.465607
-11.556763
-6.109384
5.276650
-0.686416
-6.032994
-6.674715
8.463876
-1.380066
2.282181
-5.004460
4.577443
4.554903
0.738922
-2.678551
-14.376793
13.634495
2.747167
6.003782
-11.609040
9.471499
-2.330950
-1.307888
-1.354005
7.479848
-2.870091
-6.009994
-1.960001
-4.403256
11.076160
-9.560524
-5.728924
3.110399
-5.806353
-2.598161
1.743541
1.279812
1.635799
0.007063
-9.279984
9.189090
-10.574657
-3.243984
3.955831
-1.229760
7.927760
-5.569376
0.347051
6.049680
2.133834
-5.198404
11.445206
-7.193926
-6.196173
-0.759411
-12.040833
-1.901149
-1.988228
8.915083
8.245270
0.456072
-0.688012
-14.052035
3.304158
4.223196
8.330061
-7.612086
-0.898780
-1.624696
7.088722
-9.048449
2.895225
-2.504957
-3.499697
0.296941
-5.947603
-1.976545
3.531030
6.472570
-5.351127
5.517489
1.494809
11.563558
0.829008
10.950155
-0.538581
6.725430
6.610934
-6.874280
2.466061
9.402870
-8.678753
0.220074
-5.828818
8.971595
2.816843
7.630144
-3.565203
8.725277
-1.941568
-3.189687
11.492339
-1.001421
-15.246693
1.237193
-5.971904
-4.608837
0.031892
8.851163
2.600822
6.087610
-1.044805
-6.469208
0.930462
-1.440990
-7.735805
-8.612446
3.261367
3.953334
5.979600
6.321145
-7.451580
0.332848
8.154111
9.525018
-7.202700
1.389133
1.788343
0.901320
-5.144339
2.439359
1.911396
2.828932
-0.231674
-2.429598
0.438591
4.082481
4.052777
-3.735143
1.785220
4.871966
-1.060401
-3.554869
-8.614293
3.096245
1.748903
-6.669139
1.690365
4.842373
-10.017183
9.934591
3.403831
7.752382
-2.906179
40.848943
11.227879
3.584082
0.124318
-8.830173
5.109095
6.366864
-5.661466
-10.266432
8.334737
-2.355349
-2.642802
-5.748974
-0.097017
-6.930590
-7.338503
5.785033
-6.663997
-1.457549
-7.441205
-5.361122
-4.479910
-6.612277
2.497234
-1.749972
11.526184
-7.454495
-4.463459
3.288020
1.895179
6.620821
-7.293901
0.355041
-3.319393
-0.798473
8.001900
-3.364654
-9.315123
1.666535
-8.562506
-6.212519
6.011486
-8.649322
-4.958469
-5.278872
-0.092139
-1.760524
0.397386
-7.298673
0.831437
3.295583
1.924408
4.623851
9.839108
-8.619411
1.866318
-11.731881
0.118748
-6.586145
11.894624
11.138912
10.124781
0.158947
13.366178
-4.932961
-11.453102
-6.844882
2.672220
5.246037
-6.602323
5.849582
-9.402241
7.425359
6.665367
-0.110900
-2.832642
-2.455336
0.242640
-0.981678
-7.643159
-1.698421
2.622887
3.508153
-8.091900
-3.572896
-0.652913
3.644704
4.352057
10.802955
6.875790
-7.422573
-0.707991
2.373734
6.875378
7.700481
7.111270
-2.417431
-15.012067
4.503013
10.174707
5.855199
1.054915
5.569462
0.396432
-10.263691
0.741734
0.981795
-1.358481
4.552565
-0.380975
-6.303068
-5.499535
-4.182755
7.359815
-2.885018
5.552907
-1.423874
1.644302
-3.194206
6.074891
0.328307
0.855990
-7.670776
-5.221746
4.620767
8.046762
-7.233582
-6.516641
6.143914
-0.333728
8.026262
-3.137663
7.947901
3.238032
10.864931
1.215690
1.803152
-9.206459
7.345245
-2.978843
-4.239013
-3.234253
2.431758
-8.085015
-4.365816
-2.145597
-8.191438
2.434781
12.003406
5.240504
5.269722
2.451753
3.229500
2.300515
6.497368
-8.193286
0.421236
14.061209
-8.002984
5.997792
9.484865
2.414987
-1.736558
3.174831
7.621427
-2.270165
1.421505
4.565377
-1.039119
5.234115
-5.913730
13.253437
-4.887344
-7.583834
