-8.255009
-2.367078
8.484841
6.797371
2.683816
-9.951864
1.924888
-7.717334
-8.627664
-8.095839
9.195387
-0.027412
-2.438888
0.229577
-3.035216
5.192896
-1.990061
-3.671065
0.450475
6.353337
-0.327870
-0.420395
0.378626
-5.833179
0.543022
-6.324165
-4.907195
-1.176332
-0.399811
-0.929408
-3.996103
-7.496373
-10.453224
-4.730577
2.263782
8.752152
-0.430054
-7.027818
-7.580964
-4.424665
-5.115113
3.011608
-3.788702
1.571394
-2.563568
3.749676
0.380640
0.781582
-3.933485
-4.045237
-3.872868
1.191182
2.760916
-3.385959
1.077032
-2.593156
8.983715
9.394447
-0.437304
-4.053568
-4.190620
6.416857
2.202296
1.257090
-0.492991
-5.151196
0.737199
6.674708
-3.300813
-0.996584
-6.553625
-2.933619
-2.239637
-5.947173
-8.341334
-2.024495
-4.298504
3.079011
4.075996
-9.459415
9.249837
26.234432
-3.291953
22.028785
-6.386470
-1.401678
2.421375
2.824502
-1.081674
-4.455567
1.544001
4.283229
3.073390
4.354212
1.537257
-6.787052
0.172258
-0.611988
7.086750
0.767667
2.069882
-9.326041
0.840710
-5.796132
-4.896649
0.242972
0.227483
6.168986
6.642872
-1.054137
-0.107193
-5.334963
-2.341267
-4.762721
3.359800
9.030613
1.723487
0.075063
7.656404
0.069756
-8.642950
8.725500
-3.578724
10.366191
-5.990357
0.711866
-1.555329
-5.014109
-4.520264
-3.016323
-6.194032
7.847237
-0.451965
0.255322
2.049552
4.988129
6.152630
0.323603
2.134504
-1.555286
8.746432
-4.245004
1.861777
5.072119
6.184857
-9.318302
2.195858
6.096216
-0.239317
-3.121077
2.587457
-1.548533
9.024926
22.971478
0.389855
10.894681
4.584913
-5.345629
7.844378
-8.096731
2.691340
-4.114211
7.616894
2.486197
-0.865712
-7.808830
-3.171085
6.575892
-2.168178
0.933744
4.714566
-4.759389
3.814839
1.025971
2.449479
-4.460342
-8.327351
0.868197
6.016103
-10.149555
8.582559
-2.567650
9.871773
10.272698
-9.075567
5.313072
-3.227685
2.497201
7.799822
-10.654173
10.031591
6.542554
0.935112
0.027492
-12.189538
0.222861
0.716548
-1.398002
-0.232570
12.849218
11.790422
4.407510
7.641407
-4.912506
-2.261532
1.075799
6.735358
-12.962639
2.101999
-7.810047
7.802788
-9.234865
-2.377557
10.393394
-2.280739
5.860646
4.142910
-0.036083
14.213426
0.492904
-2.788978
-2.827818
-17.891582
-8.319927
0.841628
1.496027
2.389480
7.520135
4.212402
-8.032537
2.114367
3.295919
-11.603229
6.003746
-8.326386
-2.010002
7.990352
-0.879214
-6.190290
-6.041502
-3.014329
1.558148
2.435963
-0.926340
13.860309
-4.523214
2.221036
-0.753565
7.045112
-6.834577
-4.383628
-2.821001
-8.226771
2.240525
5.117990
0.184130
-3.256442
-0.902907
7.218496
3.762415
-0.007925
1.859547
-10.184745
-3.397842
-6.604402
-7.626737
-2.427895
0.508552
-1.237805
1.175512
6.518315
-5.823199
4.732601
7.078647
-4.170105
-1.441648
-0.864317
2.432062
-0.242690
-3.606807
-4.944481
2.778367
-0.699545
-5.649371
1.375349
-1.851101
6.704675
-10.104391
-1.304380
-7.385427
3.586717
-6.134817
7.251928
-0.428459
-9.201244
-10.515147
12.008262
2.050249
-7.233072
-1.215985
7.439440
1.723322
0.211513
6.651625
10.219689
5.517158
-2.976765
4.882384
1.309323
9.215286
4.601151
-3.406534
2.755600
10.528252
0.714623
-2.258520
-0.946279
-1.918471
-1.813223
-11.900263
5.200391
3.382021
-4.471348
-0.929409
-4.339765
-5.732859
4.467843
0.077712
-0.084549
1.378496
7.978278
6.611757
-3.091075
-2.552681
5.948529
5.155715
5.074746
2.964771
8.352675
0.280957
-5.505284
-7.854994
1.715212
-6.256746
3.152880
-2.609445
2.513659
13.583043
2.361873
1.967383
4.763811
4.020548
-5.085866
-9.023210
-4.915590
1.910106
5.858908
-3.302415
8.421008
-8.426547
3.409472
2.346219
9.447679
3.115015
5.200515
-3.096174
0.606701
-6.710316
9.032535
4.644728
-7.045412
-0.024212
6.901548
-4.806854
-2.925952
-9.974094
-5.205246
-4.082026
-9.708014
-0.381603
0.555203
7.526609
4.910411
-6.833443
9.191573
4.912452
4.393594
2.137681
6.188164
-5.905908
-1.642253
5.814966
-4.805692
3.324484
4.617402
0.957870
-5.080367
-12.592097
12.029227
4.386871
-7.562732
7.616672
-1.404319
8.206577
9.150293
6.063887
-11.822539
3.163692
-0.734181
-0.784792
2.264560
0.771660
-2.710491
-2.540387
-0.065764
6.661183
9.740836
1.814215
7.154523
2.482779
-5.905773
1.165133
4.252392
4.398253
7.864612
-3.437451
-5.237169
7.980974
0.102052
-4.598947
-1.556523
-0.160940
-8.658053
6.733108
-1.687673
-9.131274
5.734646
-4.382777
7.627657
1.266508
5.439944
0.872530
4.229042
10.309418
2.274129
3.692740
-6.226551
-4.533607
-5.403651
-2.564388
0.422184
-8.144087
5.497063
-7.821083
4.759084
3.108927
-8.664597
-2.493621
0.964967
-8.966403
2.438903
-9.737949
-3.501748
-7.219671
2.223074
-3.605451
3.830688
6.055604
0.272424
-28.433780
0.003834
7.580871
-4.822098
-7.227373
-0.981796
-3.788429
0.031265
8.093049
7.670452
3.984715
14.700407
-6.909484
-11.235368
-3.903299
-2.851303
1.232489
0.031026
1.474476
7.146606
-6.561213
-4.895796
4.553603
1.527648
4.725273
5.026716
-9.027826
0.601067
-5.912735
-2.356251
3.012576
1.050972
2.198457
4.100884
-0.975813
-3.960422
-2.079696
-7.521408
-2.827158
-0.071641
4.898267
-0.538561
2.283555
-7.486348
5.193070
-2.561975
3.258379
2.206839
-0.876871
5.242395
5.385706
4.669604
2.295720
-4.011495
-2.733146
-1.111677
-6.156956
1.326019
-0.146090
1.609984
4.911660
1.118979
4.033057
6.669021
-8.604437
9.099252
-0.601671
-2.356299
0.237280
-0.235781
7.045183
-3.567279
5.619398
0.268023
-4.353274
6.657067
-12.627301
1.222884
-5.576880
9.259432
-9.015327
2.553336
-4.657016
1.218037
15.295783
1.520964
-1.791489
1.595384
-7.366371
-5.862022
-0.646915
-0.244226
5.791969
2.797735
-4.617582
1.646483
-2.653912
-7.613952
-6.307848
-5.189845
6.891651
12.802859
-5.296061
2.017449
3.494626
-7.950967
4.077689
-1.927142
-5.294974
-4.266406
13.400610
-7.571882
-8.346931
11.095172
7.262989
0.182739
-9.403376
-5.734433
-1.530206
-6.489464
-6.414739
-0.931508
-1.949456
-8.559564
-4.251111
8.052011
6.801462
2.491927
7.621720
9.759773
-7.638789
5.561964
7.149887
5.840165
-0.779624
0.486569
6.187267
3.478135
7.714194
-2.135501
6.013900
-5.848189
1.913868
0.146229
9.946961
4.154324
2.791888
-9.532343
-0.927283
10.307927
-1.853691
0.015147
3.557261
2.917086
-1.959103
6.202846
-7.009312
-6.125209
3.305523
-0.145337
19.713231
3.897762
3.104418
-5.170201
5.391725
-3.033793
2.627797
-7.738890
-16.728379
3.187367
4.526290
-0.348310
1.509013
-6.662964
1.096685
3.129500
1.426465
-1.455388
-9.697360
-4.475531
-3.557781
7.843025
6.928504
13.431052
-2.933873
-8.424382
4.370229
-4.244012
-4.545818
-6.953324
-7.006102
-7.046832
2.408788
-1.970562
-1.151007
-1.207820
2.354268
-9.187061
-5.505079
3.548853
-4.857856
4.395329
5.706634
3.395166
-3.328641
1.557198
-3.843978
6.533216
-4.003825
3.656882
-11.120882
0.740705
5.158645
4.862861
1.101500
-2.223252
13.137829
2.018525
1.998898
10.363689
-3.278250
3.310207
1.192721
-4.573996
-11.897525
5.460430
-9.708175
-0.020284
-1.852525
0.018367
-1.281604
9.763326
2.301592
-8.979352
8.925262
-0.347417
-1.513385
-3.854066
3.424626
9.002615
-1.679002
3.588379
-3.437443
4.556567
4.546430
2.773253
2.620849
1.293894
-1.215062
-8.004643
1.422613
-7.758456
4.795301
5.931502
-4.971589
-4.378862
1.865572
-5.028720
2.219721
4.748903
-3.212833
-2.552071
2.996017
4.716272
11.019688
-4.887147
-7.830936
-6.557059
6.439100
3.771992
2.669671
3.323941
2.247814
2.566838
7.953129
3.251787
-2.245158
-5.026982
4.289741
0.032402
0.268677
-6.110032
-6.321065
-7.518496
-1.465152
-14.501693
-1.143311
6.598961
3.497975
-8.492582
-4.208579
7.186344
-4.808902
0.668454
-4.586125
8.528039
-1.734049
-10.528551
1.086762
3.372575
-0.906451
2.709798
-1.189816
4.511186
-4.948398
17.289041
-3.282541
8.653312
-1.595399
5.960863
9.526028
-6.719495
9.481223
0.429433
-1.688909
-3.105394
9.046621
-0.566614
0.886052
-15.210885
4.873181
2.775919
-2.654716
1.755112
0.036469
-2.971590
11.804437
3.577611
5.015157
-7.318098
-2.954497
-2.875794
-3.907591
7.969485
-9.257782
-13.602907
0.097950
-7.094209
5.103405
-0.343905
-12.582197
-5.598456
4.738944
3.067391
-10.677233
-5.570070
-8.313103
-3.270418
0.231118
0.269972
2.940665
-3.675709
2.876048
9.727621
-7.464553
5.058857
1.861298
1.798717
0.665392
4.061457
6.267719
-1.751338
4.803695
17.981479
6.780658
-4.839941
11.302533
2.804177
6.111317
-18.578638
6.944199
-0.806176
10.683797
1.338004
1.811660
-5.020558
7.351871
0.601800
-3.666521
-1.681250
-5.603277
10.854728
5.473660
-1.879935
8.600586
-3.636176
10.286486
3.473811
-12.020441
-1.669290
4.761516
-8.651152
9.687683
1.426068
3.282429
4.664990
2.038119
-0.525918
1.657899
4.155946
1.535193
5.518698
-2.554937
3.727289
-3.976278
-5.502330
3.506338
-0.496873
-7.328676
9.481358
-1.118219
6.626658
8.642960
3.409074
-3.270801
-0.316338
3.189970
4.433704
2.351621
-8.761439
4.888388
-7.731811
-6.309862
-3.255196
-1.984826
2.662676
10.811249
-6.727445
-2.989869
-8.391155
-11.656356
-3.869379
3.626763
-2.562705
-4.798086
-8.418644
6.189089
5.908409
-8.032938
-0.667969
1.216472
6.206144
-0.645120
9.819666
-3.080609
0.098947
-8.396378
-6.301216
8.749782
-5.509598
-7.239181
1.123896
-3.368102
-8.798668
10.075035
4.508310
-5.694032
3.745462
-0.262877
4.603359
3.565830
-5.891611
-4.281935
-1.048544
4.584382
-8.335001
4.752249
1.856794
8.053069
1.386397
4.129958
-2.191815
2.346538
-6.447148
-8.820053
-4.780659
-5.075033
-4.892459
-1.854497
1.739911
-0.230281
-11.303309
-1.248728
0.069902
-8.346647
3.629307
3.416036
-7.066886
-3.147892
-0.453781
2.136622
-1.599780
-3.870209
-8.215468
-0.449646
-9.825707
1.913870
-5.848512
-3.840834
-8.553721
6.452384
6.972536
-3.274870
3.877973
2.221399
-8.422721
3.899948
-6.361347
-6.681526
8.465355
1.047760
10.900523
3.535992
-7.217556
2.991244
1.395863
0.934560
-9.185650
0.837998
8.819965
-1.492675
3.404811
-1.535431
-5.667709
-2.719487
3.540202
-2.327144
-7.065594
2.919932
-6.266858
7.544064
-2.780488
4.006391
-2.799146
-7.900212
4.530015
2.369358
-2.465975
10.301225
6.139189
-0.923495
-10.885099
-2.624261
-1.495049
-0.400856
5.248163
-1.828371
5.952675
9.503626
9.720698
6.156361
-10.229848
6.369955
7.574099
10.492060
-6.112152
-5.863577
5.471591
-6.613807
4.478591
-0.929689
-5.291604
2.834916
0.425872
10.939808
-1.388759
1.167758
-4.987768
-2.961173
5.133613
-10.295852
-1.032541
9.648706
-2.295853
-21.448002
-5.182135
9.883272
-1.442888
-14.543211
-4.023705
5.652037
-8.389936
0.656199
8.283208
-7.392502
-2.973684
1.590300
-8.545564
-9.214579
-2.663736
-0.997763
-3.382786
6.962978
2.294404
5.099647
0.049575
-5.468060
2.906710
0.884111
-6.519357
0.419565
3.419693
-4.471837
5.008705
-4.626101
2.701742
-7.430247
-1.447217
7.047521
9.582218
-5.720535
0.497264
6.536596
4.582932
12.458037
-1.368696
10.090362
-7.747979
-2.013710
0.490733
2.609541
-11.555966
2.374538
10.258848
-2.092186
-1.094264
-7.910754
-0.645271
1.972844
-3.514253
4.200645
8.132459
-1.754893
7.451873
4.341510
-2.947041
6.249078
5.576236
-2.597616
6.297880
-8.512164
-1.461835
5.948122
1.633748
5.350185
11.018294
-3.359387
-7.292111
-11.055001
0.775958
8.285673
-4.396484
-3.258826
-8.796477
9.470370
4.283547
-8.826975
-7.462905
-4.575985
-0.739864
1.394896
-7.256977
-6.338877
-1.576321
7.929947
5.858582
-3.073203
7.334306
-2.383732
-1.307685
-3.673008
0.372353
-6.905496
2.726011
-3.598231
5.684590
-1.503641
1.232783
-5.237744
-4.447902
0.393392
8.125353
2.845249
-2.078318
9.027921
-0.588901
32.429128
2.093731
8.389316
-7.534872
-5.761527
-3.867351
9.954624
-3.371769
-0.509867
9.248998
-0.383029
-7.924697
1.702672
-3.359166
0.385825
-9.909324
-5.683383
-6.335703
-4.544801
-2.666614
-5.990784
-5.159578
-0.110818
-0.310226
-1.377843
-0.101051
1.872866
1.125962
6.606456
1.288686
-0.162688
-6.037211
-0.223273
9.505096
-1.749384
3.907609
-7.568723
-4.565426
-1.959759
3.652435
7.898258
11.610055
1.369318
-0.550541
-4.320207
-4.230482
1.322365
8.762485
3.238021
4.995807
5.249866
-3.658722
-1.427185
7.429872
-12.147850
3.364314
-5.784329
2.567324
-5.386594
-2.900449
-9.580715
3.793654
2.172489
7.434765
-7.335824
-3.498676
2.128793
-17.567712
-3.196515
-7.982664
5.481645
-0.757109
-1.442678
-8.370378
-0.292748
-5.594877
-3.168631
-7.545057
-0.596191
-10.146584
-5.264562
3.511136
8.196487
-2.307582
-6.907288
1.138827
1.846598
-3.233768
10.617753
4.393637
-0.913089
0.650070
-10.123330
12.591792
2.607237
-1.096389
-1.681231
-9.924751
2.145319
-1.326871
-0.035663
4.413828
2.502423
16.008238
-0.377078
-4.715889
-4.657035
-2.489697
1.205753
-0.599681
0.216337
-8.001959
-3.430626
9.193539
-4.623644
-6.597693
-1.213325
5.235671
-3.661721
-4.639090
-5.732071
-7.079347
5.165711
-1.639928
-1.841058
4.263045
0.963248
0.318013
1.863355
0.414477
1.233730
0.624446
7.415467
11.298675
14.402471
3.642736
-7.672981
-0.891493
3.730512
-3.925777
2.476875
9.393512
0.727904
-2.590159
-2.911591
-7.539710
4.847804
2.714770
-7.633764
10.006912
2.672131
-7.408989
-6.485446
-3.060878
-3.389411
0.960997
-0.580913
-1.079496
8.141740
10.436590
6.218746
0.255356
9.184151
-6.273559
-4.847301
-0.134982
5.591675
-8.483648
-4.810915
6.024801
-1.082941
-7.829221
1.767648
0.078457
-6.451920
-6.724649
2.477398
6.395973
9.808979
-6.097019
2.514253
-3.501549
5.015780
-7.080822
10.727922
-2.679224
-0.321516
0.117554
-1.753140
3.560870
8.461190
-8.332990
4.981824
-0.969902
4.272236
1.087380
-3.736377
4.696916
1.543613
9.138095
3.212505
0.416530
5.450832
-6.673971
3.024146
-3.656519
-1.946732
0.803976
-15.651297
2.214472
-6.872625
0.992776
-1.200831
-1.247134
2.039646
5.057100
9.338881
-13.032106
8.092909
3.506193
8.145190
-5.054349
6.279473
-0.304891
-3.017485
-2.971892
-8.965403
1.569393
0.068516
0.485111
-7.963487
13.839065
9.160900
-6.009080
-14.015586
-0.489379
0.641295
4.207020
-3.950432
9.066191
7.464663
-4.222468
0.644272
-3.355677
-6.550708
2.958078
-0.174906
-0.223132
2.817598
-6.040769
5.059411
9.297926
-0.492954
-7.460656
-3.942221
2.837595
-1.274236
-1.318634
2.870217
6.933119
-3.000152
-9.329778
-2.405206
-9.582834
9.086975
0.181338
10.881252
-11.904725
3.969294
-3.822713
0.791236
-1.157974
1.144184
10.109034
1.160076
3.773898
2.390156
1.457731
4.212898
-0.086554
-6.643683
6.431126
-3.900201
-1.615676
10.028596
6.061135
2.763029
-5.459917
0.347802
-7.011743
-0.275506
-8.503096
7.290546
12.850500
0.671227
-6.287855
1.760322
4.223016
2.298987
7.625894
0.694839
0.273726
7.671064
12.405656
-2.774412
-2.243007
12.064062
-1.607143
-1.719157
-9.634338
2.244496
-4.952934
0.561718
9.387571
1.335188
-4.014750
-0.495098
3.351681
3.876429
-9.367149
8.097120
5.760480
2.877308
2.967108
-5.337244
9.382847
-1.679035
7.010445
6.113481
5.188423
5.952722
6.425198
0.045245
4.802519
-5.225098
6.240891
6.605417
2.546372
-3.724707
-0.089322
9.487344
8.687413
1.905716
4.088086
-0.377671
-5.378598
4.106443
-9.958838
-24.753808
5.638223
2.040639
-9.880885
-5.046796
-6.507457
11.902958
-9.669608
-6.078542
-22.786448
6.334291
-6.787732
1.315557
1.244354
-2.545183
-3.417452
-7.763848
4.684823
-3.978701
-3.367242
-8.366979
-5.377840
-5.189912
9.627307
0.538409
-1.336429
4.354963
-2.313060
-0.245184
1.783689
-3.144677
-1.592131
-2.215316
-1.274026
4.066433
7.483439
-2.046284
-10.722479
-0.036527
3.869202
-1.237719
-1.751904
-7.973174
8.487341
4.774832
25.119150
-11.059416
1.085793
1.878378
-7.178842
6.924129
7.563788
-4.214787
-1.474775
0.978506
0.850427
6.739044
-4.430465
6.509313
-4.035524
0.248222
-2.165107
-1.437381
-4.147391
-0.089600
-0.819765
1.264429
3.878126
4.838519
0.221960
5.227545
-0.562051
8.044185
-1.132366
-2.834208
-10.922042
-7.293736
-0.334695
-4.012889
-2.886848
1.869515
-1.142696
4.816548
3.735821
4.908021
-2.935498
-5.134481
3.834305
-0.219638
6.760162
3.100437
-5.378060
-1.545065
6.351601
-10.201956
-4.980571
-3.820241
-3.122648
-7.721774
-1.042164
-2.535872
1.251320
-8.690063
-0.919177
-2.418979
-3.207746
-5.715275
8.151602
0.556053
-1.788627
-5.020286
-30.596085
-2.748534
0.589101
0.951700
1.998917
-1.207470
-0.012597
-2.760653
12.651252
7.548435
-8.465320
11.384813
-6.746094
15.346365
-3.357315
-0.469038
2.301511
3.827510
2.724270
7.672287
-1.998607
-2.651792
0.479405
-2.865881
2.042404
-0.094832
2.181976
-10.930375
6.870833
5.430674
-5.320132
12.321635
-2.497384
-3.342203
-7.914516
6.677360
-1.797159
8.337113
9.211286
-2.637057
5.530873
2.130290
6.409719
-7.096344
-7.793387
7.854969
3.890907
-4.869284
4.785406
7.106513
5.806168
10.484979
-10.053657
2.496242
0.714266
1.801534
3.089490
0.565420
-1.431765
4.455534
-1.947234
-5.734183
-9.902414
13.459006
-3.429235
6.801427
3.778364
0.975162
-4.025866
0.962230
-6.208075
1.262149
1.073829
2.252267
-7.903769
8.198860
-1.341470
-1.921972
3.292395
5.427158
1.730334
-2.126613
5.468070
12.618630
-2.407924
-6.522155
-5.588342
-4.358984
11.851844
-4.869608
5.350907
-2.277410
1.947200
10.928708
-4.580420
1.304306
-7.026026
3154.111098
-3.583679
8.454355
5.193615
5.271116
3.843274
8.582056
4.300323
-0.468030
3.331801
-9.188630
1.137542
-6.005856
-4.320088
11.682844
-6.057882
-8.181435
-1.178866
7.188476
5.508616
2.185381
-14.473316
5.215483
-0.098815
11.313738
-2.962729
-7.337000
1.052256
3.641207
-20.892254
0.578134
-10.223361
-5.414329
4.872702
-6.153951
2.113332
-1.725032
1.483111
-9.179357
-4.500970
-7.827229
3.566389
-3.315368
3.074996
1.847360
10.110393
4.712237
3.269458
-12.127667
-5.944240
-5.031257
4.917175
7.888315
7.280576
5.153506
4.765811
5.049847
0.667169
3.565749
-6.987365
-6.640238
-2.721537
-5.871504
