1.963811
4.299082
5.296833
-0.285126
1.609009
-3.628360
-2.444595
12.794648
3.419284
-3.178629
2.795357
3.298327
-3.654972
-5.243490
-8.523432
10.051324
-5.329769
-5.390698
-0.644889
7.543142
-1.959069
-7.336856
-4.786123
7.546371
3.190611
2.427680
4.495931
5.078287
0.959629
2.267589
0.409420
-6.855975
-4.335835
-7.116105
5.955647
5.373969
5.008293
-10.337473
-2.114550
-1.984329
3.267490
-1.135794
5.132071
-1.841263
3.009898
-6.257227
-11.144672
3.529088
-2.234625
4.263408
16.108985
8.127285
-3.631812
-10.325897
2.903883
-3.491042
-4.989418
-4.427325
5.134490
-8.314766
9.968726
3.014851
7.366773
5.284855
2.169819
4.509894
-3.690062
-2.571446
-4.082310
-5.880068
-8.431431
-8.464595
5.857712
-6.959060
2.197624
-7.804406
-2.852576
5.744554
-4.476376
-4.413725
4.913258
7.256622
-3.579079
-5.863776
-20.635163
-6.538886
10.337780
-2.513272
7.379282
3.268275
8.231641
10.326803
2.690776
1.375395
6.565172
3.443211
9.926659
3.140673
-5.713391
5.910802
-4.735560
-6.253502
-0.076745
-7.068074
-2.671825
5.194277
-0.263425
-13.919843
-3.275818
0.099153
-0.230174
-5.671312
8.845963
1.827633
-2.462075
5.369086
3.694724
-9.478947
2.138909
2.508157
1.784119
-4.163894
1.865744
3.042107
-6.527062
8.823441
3.062396
0.859637
-14.121450
-6.343821
-8.414230
3.286959
2.204114
2.271259
7.980526
-6.448439
9.391980
6.267186
-3.561966
-0.582908
1.888926
3.272773
-0.232919
-6.973687
1.833326
3.812273
-5.674449
-5.656065
6.522420
-5.674508
-3.020013
-9.007553
11.087365
-2.654731
-1.355499
-2.007234
3.882911
5.487709
-4.188615
-3.526367
2.157173
-6.173811
-6.827063
-1.891958
-8.719777
0.575096
3.982196
4.535802
5.698920
4.140370
-5.975740
0.215666
3.634744
-1.437106
-4.504938
6.353479
8.391297
6.325359
6.187142
-5.817431
-6.336425
3.094036
-3.178561
-6.858661
-3.427719
-3.862293
1.964997
-2.865885
-3.009108
8.022162
-11.314707
0.529744
6.790189
14.944377
6.780018
0.928396
-8.045035
13.121042
1.595957
-1.977269
-3.989051
9.235734
-1.215912
-1.540033
8.094781
-9.751906
-0.827379
7.242231
-8.152753
2.937887
-4.503078
6.718083
-9.711991
8.817798
5.000791
-28.756198
-3.987868
-8.475004
-6.063911
2.475397
-4.361467
-5.716482
2.764150
-15.680956
-8.337746
5.939528
5.860373
0.754950
2.574493
-2.412647
-1.605313
2.854153
-3.307322
1.998561
-5.742035
10.011123
6.249519
-0.270580
1.560309
-3.555728
-2.516479
-7.375072
-1.362961
-9.919555
-0.286220
5.245713
2.865150
3.857913
-5.005221
-9.987151
-13.957354
10.464784
5.744599
-2.446074
3.584191
-1.976157
-8.159606
8.709865
4.122663
-3.721438
-2.214532
-4.556110
-4.950927
-4.381912
2.620909
-0.733067
10.014051
5.353961
-1.288152
9.339946
1.393018
8.204793
4.921431
-11.717041
1.640524
-5.401170
-6.446337
-2.972026
-6.723836
8.267315
5.763936
1.923817
-6.013267
10.706010
-6.513930
-5.970577
-1.628932
-11.466348
6.489325
4.575707
2.008762
-0.831322
3.076546
6.684355
-10.631928
-6.899643
0.126530
-8.059420
14.109161
-7.479465
2.008288
-5.810503
0.048116
-9.201450
-9.970877
-1.540066
4.053245
7.595455
8.994145
0.275867
-8.224614
-0.061362
-7.667502
-4.426489
-1.611463
-10.254931
3.015893
-0.800154
-6.741922
-16.751183
-2.524528
-4.709666
-2.710464
-2.610892
7.528545
-17.986754
-0.847672
-2.741973
4.316673
2.517040
-4.209458
-10.832293
-1.703773
7.142773
2.105816
-9.273365
-2.806686
-7.428510
-4.879803
-4.355706
6.008562
9.953483
-3.561163
7.261012
16.584376
6.306699
5.327258
8.189249
4.097937
-1.529401
7.514896
-2.940285
4.749493
4.523248
-7.214684
6.466585
9.191167
-1.465771
-5.917886
-2.307135
-0.268206
-14.349438
-3.065388
-2.465220
-5.064040
18.300879
-2.607752
-2.896256
-25.431962
-0.766784
12.044218
-0.051778
5.429206
-1.039405
-7.625619
0.235937
3.554887
-9.072911
1.875724
-7.096469
7.217837
10.872162
7.374766
-5.314460
-9.256429
1.917185
5.045853
-9.162713
-11.453704
-12.120762
-2.396601
-5.817477
6.593650
-3.133090
-10.467582
-3.721789
-21.618753
9.074750
-2.993621
-11.740482
21.382159
-13.802115
7.671637
1.411699
11.012870
1.301540
-5.065170
10.623456
2.632115
-6.936091
-2.723468
4.550788
-1.783650
5.510615
3.492586
5.908551
1.879575
-8.023081
7.950794
0.783947
-2.328921
4.163604
7.554075
11.224311
3.834570
9.628186
13.093649
0.096721
0.421840
6.298924
-1.591261
1.350418
-2.884795
4.462422
-2.445444
3.489271
-0.332244
2.335238
-3.014816
-3.061748
1.244885
-6.795301
-8.378748
-8.006833
-9.693721
-6.762786
0.062821
-8.444775
5.915323
9.697400
0.907825
5.130389
-5.998483
-7.641516
2.124976
-2.623431
8.449544
-5.672294
4.001645
-6.153762
-0.836472
-3.003172
-15.930491
10.434454
6.996973
10.657626
1.198121
-2.657657
-0.767664
-2.678550
-2.992200
10.938543
3.514515
0.055646
1.485941
-6.250510
5.233399
3.175372
6.383851
5.429769
-2.278130
5.747373
-8.150076
-2.860818
-0.093320
8.616811
-4.886387
3.589726
-10.562833
10.203577
6.863071
-0.324725
6.430022
-1.455903
-1.142765
5.035910
-2.280719
-4.579528
7.783077
-13.644809
2.397158
-0.229858
5.834863
0.243373
-7.847105
5.311409
-5.762974
-8.229559
4.774283
-9.798178
2.429757
5.029415
3.675944
1.844913
5.014030
-1.968362
6.526176
0.904700
-3.919089
-10.260149
1.323560
6.965655
4.033418
2.207559
2.794087
12.589583
7.052367
-1.548608
-3.879906
-9.556735
-7.394068
-9.316505
17.204143
3.014189
5.193841
-4.863983
-4.401535
-24.344704
-1.843925
-0.903500
-4.688875
6.290856
-9.387249
6.254001
4.980479
-8.644261
-10.114422
4.060926
-2.937330
7.580509
-0.623186
6.708632
-9.613448
7.176239
4.931287
-5.557730
7.369489
6.466294
5.045385
4.170148
3.019131
2.136540
3.011566
-2.153262
-0.021465
-5.724688
-7.936632
-8.439594
1.209541
-6.306808
1.671426
2.017806
-5.695064
-8.645305
7.196334
5.589792
1.369791
0.186047
-0.401481
-1.545597
3.972776
7.629412
2.541364
9.130902
1.069856
0.257954
4.972148
4.555947
6.162456
7.790801
10.135908
4.137291
0.676096
3.617121
7.026754
-2.147378
0.360920
-5.619451
-6.473478
1.342110
-1.486554
4.117518
-3.881363
-16.041215
6.181309
-0.974889
7.475348
-3.656512
5.167213
1.985132
5.979971
1.830943
-6.289622
-5.575177
-4.352469
7.881776
-6.488795
3.652877
4.769957
-2.697255
-8.567989
4.829845
0.907204
-2.293963
-11.361769
-6.516939
-0.343019
9.106473
2.134323
4.787709
-5.806777
5.589084
6.214974
-1.672316
-5.655101
11.820523
-4.024375
1.469270
-4.387994
1.432377
-1.244725
-0.860012
-6.667084
6.192874
10.455667
-1.428628
6.101710
-2.509226
5.447640
2.889421
0.400277
-5.157323
-5.314829
-5.140235
-3.122625
0.565363
-2.428939
3.666808
-1.023000
-4.409647
-1.049282
8.618543
7.213200
-13.135831
-2.480589
4.943236
-2.873085
-0.733197
-6.488337
-2.940386
-0.318021
9.171228
-7.952418
-11.911230
-2.885007
7.142320
-5.652418
-0.232896
-0.978031
2.577777
-1.718910
-6.225936
-9.663865
-4.840622
-3.473189
-7.517647
4.989825
4.583807
4.359802
13.013254
7.922668
-7.571470
7.053455
9.443140
7.295581
-0.354177
-8.124699
7.349950
-7.485563
3.636125
-4.252588
-5.994023
-0.353402
3.413640
4.501649
1.436531
-4.421865
-0.271624
-1.845378
-0.524088
-7.281397
6.902014
0.419206
-0.334588
12.183215
14.596752
-3.666259
7.221188
6.038085
1.029288
-7.402385
-4.684877
-15.026020
1.005144
1.970615
-4.744873
4.529277
1.804976
-1.232018
1.552143
-4.044767
11.504175
-3.842874
-2.080974
-3.162489
-5.031921
-3.021080
-3.650671
-0.559654
1.121565
-3.675970
-4.722967
-3.112372
-6.237977
-3.061382
-4.574268
8.983102
8.258397
0.453016
4.038430
0.835898
-0.987180
-0.942276
2.568197
-1.479461
-3.478840
3.041097
0.797382
-0.939082
-1.884709
10.927614
1.292180
6.513367
-3.847953
-2.739278
-1.408658
-1.751386
4.568441
-4.265151
-4.669509
7.159644
-8.348060
-8.534724
-3.711312
-3.154462
0.973259
12.730741
-4.519524
-1.084826
5.046972
-8.491274
-7.834578
2.683028
1.476547
4.931657
-0.288302
-1.483370
2.752947
3.377914
-5.065301
9.424759
-0.484919
7.048913
1.309163
-2.331118
7.346703
-2.548985
7.984846
-8.079733
0.148596
-1.781972
9.894375
0.219057
0.217201
-6.844714
-1.648545
0.306814
7.934981
4.147411
3.397302
3.094414
-5.736711
-0.899030
9.027905
-9.657567
-3.459720
4.958398
6.845579
12.067302
-14.125405
4.100376
-11.139539
-1.091775
-2.276755
-1.010085
6.453445
2.741605
-5.472870
-5.480541
9.101165
7.442454
1.889197
-6.555618
5.193536
0.032108
-6.089831
-5.748594
0.259172
-8.260807
7.239279
1.058892
11.907314
3.680380
-2.732445
5.621059
2.299159
5.578931
-6.299756
6.939466
-3.888534
-1.957784
-9.152842
4.206731
-7.039050
-6.161224
3.427671
3.106790
0.849426
-5.268489
-22.182659
4.306874
-3.799830
6.425412
-1.125147
-7.430875
0.417024
5.429274
-2.105039
14.068963
0.285439
-1.329241
-0.056778
-16.938605
8.268982
4.997365
8.420469
-4.128162
4.681900
6.717611
-4.736112
4.477922
5.786267
6.676422
8.469188
-5.832293
-6.432770
-2.244419
3.139963
7.196749
-7.336842
5.249050
-4.380331
0.258591
-10.308313
1.896922
-8.522778
3.125534
-11.020519
-9.879581
-0.808699
3.598848
4.665955
4.910567
4.541209
5.324773
-5.789594
2.207888
3.774611
2.440156
6.243240
3.369747
4.643371
6.779018
-9.976839
2.596452
9.218357
8.690742
-3.629947
-2.030928
1.044120
5.203267
10.872119
10.273965
-3.146629
5.621726
-8.654142
-5.361505
-2.544973
2.835038
4.737932
0.162138
6.997399
0.686746
-2.523176
-6.557622
14.068064
3.810515
9.788186
4.331820
-11.211615
-7.978829
3.195028
10.455828
3.924225
9.238422
2.129293
5.059440
-0.432832
0.707117
-0.201178
-4.347474
4.104078
-15.721335
9.516355
-5.154498
-6.753722
-7.443816
-6.045771
5.007283
-4.417075
7.230630
9.826402
1.282400
3.886465
3.450508
-7.796879
-0.135035
-12.318547
-5.077672
-12.187441
-2.037300
-9.146899
-2.885003
-8.816637
4.920108
-8.046600
-2.790479
-1.331247
6.099878
3.966891
5.695579
10.297388
-4.782310
4.024818
4.485036
-4.912470
5.510615
-0.647066
-28.714925
-3.437160
-0.366595
-5.785173
3.515974
5.626891
6.952307
-5.293224
-6.455592
4.950360
6.331329
0.025137
-5.640059
-4.910460
3.924258
-8.710296
-1.397006
-0.514219
-7.166215
7.382976
7.744013
-3.516991
-5.338333
3.874969
-4.459316
-1.844599
-4.259589
6.786924
-3.789224
-3.508659
-2.065508
-2.927065
-2.323153
-6.333848
2.595460
-2.565291
-1.976103
-9.264654
-9.184367
4.439205
2.503926
-4.138366
-5.396307
-6.423374
-4.074085
5.885610
-3.325988
5.213861
5.654354
-3.118730
3.839903
12.189388
-7.567624
3.215484
-2.675293
-0.123027
10.208646
-2.031116
0.985988
-3.957996
13.763108
-3.026847
7.855120
3.460654
0.350244
-4.001421
4.966585
-5.089421
0.521602
0.160164
4.708980
2.399198
11.673988
-10.495308
-6.281527
-6.391492
-5.871623
0.773470
-4.623071
2.795469
-0.571709
8.468156
3.610119
1.551059
1.752329
-4.892566
-1.696533
18.504452
1.160451
5.958703
-4.745511
-5.099694
0.174782
-2.259840
9.999658
2.414009
9.298057
-1.167615
3.259460
5.138301
-10.122555
10.696449
4.805648
6.839925
3.075955
-5.579384
8.885570
2.150654
-5.239862
-1.016750
-7.926569
2.738296
4.564010
-4.054111
6.159382
-6.291427
-0.040517
14.755675
4.477134
6.193675
13.196074
12.583508
-0.740474
5.854185
1.764727
6.479508
-3.569442
2.401070
-2.990447
4.451642
6.638092
-9.790466
4.487494
-7.198161
6.985659
7.261173
-4.188880
4.261183
-8.787720
4.173646
-6.111435
6.939425
16.829128
-1.495886
-9.759171
2.241781
-3.601439
7.244074
-4.560641
2.619507
-3.083670
-7.870269
-9.429504
1.222056
-8.918582
2.801354
3.633073
-5.529021
4.233416
-0.675309
1.570756
4.601961
-1.567798
-7.275259
-5.156843
-4.124697
-2.274581
7.518405
11.204126
4.192732
16.761807
0.913752
-1.440431
-1.944399
-3.988039
-5.525855
-7.164042
0.421142
-0.533065
4.194439
-8.511546
-0.553713
3.642746
9.048615
-1.224186
6.753076
-1.336782
-1.928202
6.453915
-0.165019
-4.966712
2.931769
-0.706764
0.014966
5.782410
-8.285118
4.316946
-5.819024
-8.114115
-1.748075
1.338620
-0.653160
-9.375092
-1.539609
7.507861
6.351284
-5.662298
7.834827
-3.496194
0.791805
-1.068521
-4.564514
-3.023103
7.122912
-7.762474
8.547533
-4.452571
3.526152
-1.814275
2.713757
-0.041667
3.187023
9.698101
-15.631025
4.487567
3.349275
7.269041
-1.013064
-8.741174
-5.270549
11.125425
-3.975636
-2.794473
10.717835
0.319798
9.295413
6.731430
-11.407455
6.981165
-0.076688
-1.413879
-0.223423
0.799534
-8.331748
0.646417
-2.526928
-0.797738
-1.402776
-10.528162
3.668382
-7.034881
-5.349745
-1.537348
2.970797
4.285380
3.346851
4.745603
-14.427721
0.078441
4.250761
-0.472205
-8.052077
8.174214
-2.268773
4.566511
-0.135706
3.245264
-3.988407
-0.712616
8.519880
-9.186356
3.633386
0.833943
-8.200471
3.499266
-6.176295
-2.395792
4.857730
6.365265
5.804612
14.317374
7.515795
-11.234109
-4.560700
-3.901612
-1.835920
-6.741574
-0.326117
6.384286
1.386311
2.042439
7.746103
5.185664
-9.248057
-6.930980
-7.437882
1.836420
-9.383027
-5.261717
-8.887474
5.290829
-3.754120
0.708635
8.442182
-0.188725
5.185351
-2.066293
-3.909295
-9.729003
8.033478
4.260757
0.270213
13.928882
3.913656
-5.557727
-10.563970
1.066444
10.637685
10.883922
-9.818064
0.118230
-8.310925
4.106223
4.170690
-0.134195
-3.346931
-5.222883
0.776913
-4.031391
3.319032
-0.259728
3.345958
-4.432547
-4.895273
8.771192
-11.119401
-3.060154
0.630827
3.570477
2.786531
5.064531
10.502634
-24.476889
8.379627
-6.742446
12.050068
-0.777731
3.026589
-6.512921
-0.421563
3.437621
-4.911691
-9.959299
0.147588
-7.144536
-5.737090
-0.365860
3.083027
4.364545
7.522506
-5.040774
7.919488
3.359421
1.580198
-3.983569
6.322673
2.349561
2.168820
4.132725
0.762467
11.864388
1.632354
1.558564
8.929782
9.248351
-0.688876
-2.001470
0.280927
-2.147434
8.189891
5.800913
-3.026456
6.407844
1.705043
-8.811267
-0.292624
-8.040725
-4.755139
0.716384
6.595854
-10.505005
-2.868087
-0.836125
-1.494761
-8.898299
5.005320
2.776550
2.765363
9.163988
-4.864385
-3.477460
0.720441
5.359387
0.822241
7.185865
-12.752303
3.014271
-1.429100
-3.889089
-2.533571
-3.503065
4.631659
-0.748702
-5.293155
-7.382232
-0.943888
0.981831
-5.234851
-0.822168
-6.789740
7.841001
-0.639319
-0.896411
5.870314
1.141649
2.753822
-4.935749
5.406317
5.323173
-4.276262
-10.942049
5.995896
-15.660074
4.613064
-0.640976
7.011663
-8.836038
9.657123
0.553645
1.422027
6.371886
0.812674
5.529936
-1.370690
-1.420297
7.163536
-0.677680
-9.918836
0.338928
5.386354
3.210901
-0.611056
3.459937
-4.110650
-0.155359
-2.219904
1.137641
-6.513852
-8.644430
-7.900308
5.036182
-9.189383
-7.315635
0.395599
0.987857
2.674318
-7.378619
3.256869
9.240885
5.010383
4.992031
9.750951
12.533873
3.916213
-7.827623
3.764142
1.066923
2.558534
-3.214926
5.334114
3.784798
3.157014
11.977109
-7.426525
-4.312474
2.987816
3.495208
-1.131769
3.398320
7.454235
-6.802802
3.284010
-0.562937
-0.079841
8.532860
15.855014
11.266757
3.671478
2.375439
5.508151
-9.287649
1.306654
-0.177222
3.958034
0.437062
-9.671495
-6.557047
2.226482
-2.657727
0.965967
2.464115
9.549416
5.362944
1.284657
0.157305
-1.007534
-3.795544
-1.553797
-3.450968
1.162447
3.684223
-2.840876
0.133506
-3.644415
-1.112661
9.271486
7.785798
-5.248926
-5.701692
-10.348828
2.695715
-14.330402
-1.671472
7.343851
3.034307
2.430409
7.233833
-9.731001
-4.684110
-0.892943
-0.975176
5.918568
5.967990
-1.400551
-3.149773
1.420567
-4.797349
2.156842
2.966401
-3.650505
0.112287
8.637114
3.281775
3.523966
0.680310
-1.108303
-0.980985
3.662804
-1.455423
-4.848613
1.129036
1.921805
-5.176696
-1.312600
-2.407559
0.919827
8.448238
-13.023054
4.521319
-4.119233
-5.205491
-6.529492
1.793573
-7.052269
-6.039171
-5.608292
1.932482
9.442261
0.298157
8.663079
-7.104773
3.643503
-5.735271
8.652897
-6.830821
3.057227
-4.189414
-2.848638
3.322142
-2.824587
13.338767
1.415497
-6.247359
6.051214
-3.175365
0.131078
3.857486
0.478265
4.339859
-1.272811
3.382396
-4.523242
2.472844
-6.720963
0.467264
-7.409140
-4.131966
4.519460
8.083748
8.625867
-6.823530
7.386560
11.590891
11.142523
-11.855865
-6.645245
-0.776389
8.087834
-1.890819
5.661145
-5.458931
10.153413
0.661976
-0.821206
15.655376
-0.387723
2.489643
-5.345699
5.629942
-8.969325
-4.791402
5.582947
1.099232
0.100172
-8.677696
9.042651
4.056508
-5.506921
0.077638
-4.055802
1.442627
-0.493373
-9.998952
-2.393189
-9.443138
-7.182320
5.179200
-2.801620
-0.169487
5.437240
5.253157
-9.545222
5.727982
-2.523260
-5.675535
7.605507
-6.121203
-6.709648
5.157636
9.614069
0.882173
0.259483
16.041686
4.017263
-5.452544
-0.333855
-4.874524
-3.297658
3.226146
2.175868
-3.692746
3.260335
5.925703
3.693608
-7.744753
1.249048
6.361460
-1.419517
-0.287439
-4.549105
4.771240
-5.490863
-2.345523
10.909626
-3.965466
8.389533
-8.464995
0.908149
-9.146153
9.575178
4.862498
5.060003
-2.225383
-2.545335
4.614419
0.521638
4.272123
0.583418
2.047928
4.496279
-6.049676
-1.588373
5.449677
10.578505
1.316256
10.450565
4.001974
-5.074426
-7.317439
4.329896
-5.291154
-13.190886
1.177469
4.407900
0.141662
0.085153
2.719990
-8.488923
1.752818
7.333988
2.663778
5.435707
-6.330416
7.656806
-6.596238
-6.778798
8.249359
8.470774
3.348676
-2.197076
-2.541528
9.534960
1.514674
0.119466
0.035945
-0.813685
2.440443
0.748677
6.803473
-5.074757
6.711308
-1.972835
4.429266
0.407150
-7.329457
-0.364382
-9.767705
2.728288
3.124824
-7.468715
-8.088946
2.892834
-4.459391
-0.936410
-0.640779
-14.385403
5.383295
-10.277615
-2.900686
-6.452854
9.466164
4.389500
-12.334906
-4.900471
11.776046
-5.711611
-0.910399
12.885696
7.972770
-4.902517
-8.898811
-0.645258
-0.552181
7.333652
-10.012773
-5.770659
-3.251510
-2.391361
6.383683
2.748834
6.551654
0.017637
-2.509648
-9.981798
8.368027
0.189463
