1.122706
-3.484019
-3.584432
13.801441
-1.052685
-4.425884
5.337228
1.466278
-0.076791
-2.617764
-1.559247
3.250103
-3.135330
11.049335
3.426469
1.697182
-1.229872
-3.602689
1.017037
1.757814
6.826746
-11.754848
-2.765257
8.852640
-0.131844
-7.740197
2.527618
-0.305715
0.823988
-10.460946
7.810294
6.724049
-10.203691
-1.126255
-1.924109
3.955425
3.270155
-0.341491
2.358023
-2.571420
0.572137
0.527662
4.034171
-2.178202
-0.709512
5.101169
-7.360502
5.306939
-4.942984
-4.731307
-0.694763
-6.894942
7.478660
-4.357798
-1.167127
-6.127274
5.590288
6.766583
-5.549608
-9.337151
0.633262
-4.930940
-2.023965
0.602322
4.073444
-0.521602
6.279473
0.079545
-2.871813
7.953049
-5.364490
2.844420
-7.112210
1.462451
3.082256
6.959583
-0.973676
-3.681074
4.503418
4.827190
2.307703
7.759056
1.315025
6.107575
-9.165620
0.639640
-4.138812
0.346259
0.215225
-4.996266
0.590214
-2.275575
-3.954344
7.200798
0.756611
0.636937
6.594492
-0.127319
4.269097
-6.642783
3.600780
0.990867
-14.015938
-3.517474
-3.583348
-2.518499
2.316075
4.363993
-2.271356
-5.997812
-0.949713
-6.315342
-3.945347
-7.169089
-1.108514
6.721007
0.748594
-3.779424
-8.023054
-4.249437
1.084965
-8.757268
-3.145818
-2.601408
8.104265
-1.357236
-4.602764
0.233481
8.331164
-10.478580
0.303279
0.919374
6.737416
-0.148542
-5.719550
7.805054
0.590432
0.052477
-9.464915
5.058498
-0.114376
1.512978
-2.682125
-0.474136
7.020530
6.954420
4.776076
6.777319
-1.589868
-4.901568
-2.273165
-1.898148
-2.310558
0.294861
-7.236923
-2.377715
-6.463032
-0.723272
3.762789
3.227933
-3.185666
-3.311274
1.317374
-0.802600
5.433746
5.596278
-0.860776
6.952397
-12.756211
2.907478
-0.402496
14.547128
6.277593
-9.043807
-0.806811
-1.138412
1.921503
6.330098
7.885011
-0.595140
0.833464
-6.900351
5.141806
-0.419652
-0.106922
-1.869179
-8.010609
-6.704114
-4.271249
-0.062024
3.212364
-1.813580
-3.697784
4.270578
1.860711
-0.047234
-8.754352
-11.503277
-5.008733
-0.031193
-11.036162
-5.456482
-7.714549
-4.747680
5.277359
-5.135826
-7.287732
4.123649
4.467819
2.618095
-11.209003
-1.558388
0.254983
7.816500
3.835588
2.159244
14.887074
-8.968973
0.406830
6.388614
-0.178244
4.535855
3.332884
7.571191
-7.332790
0.714986
6.647318
-0.976860
-1.826410
8.479468
-0.786123
-6.666160
0.674822
2.304508
-4.361722
-1.072534
1.001043
5.289922
16.753635
5.992764
7.061797
-2.636852
-8.256778
-11.952902
-0.354735
-3.289337
-4.065606
-3.612865
1.643992
14.375985
4.302633
-0.422327
-0.065547
-5.988919
-0.774677
-5.178831
0.387533
-1.017176
-7.385028
0.586448
-8.192646
-0.640030
1.590881
-2.744841
-0.275056
0.376258
1.843300
-1.084504
-6.834023
-8.948908
8.782431
-0.863896
-4.889955
7.965895
-7.541583
1.089244
-2.859703
-4.041506
-1.134598
-2.933503
2.484070
0.388799
7.248966
10.896975
7.110624
6.195592
0.168305
0.198364
0.783563
3.308826
3.132938
2.189588
-1.378196
-6.334297
9.569949
-0.336010
-1.789490
-9.337033
6.672604
-0.279999
0.754593
7.410825
-1.142495
1.371319
3.336073
-9.349873
-3.515891
-6.061686
7.568941
-7.510515
-0.257453
5.201090
0.053403
0.842699
0.107545
4.353883
-10.392599
0.892739
0.499853
-1.406747
0.823304
-0.167188
-6.457239
0.613115
-2.548439
1.987152
3.815731
-5.974969
1.631363
0.554523
4.668911
-5.242676
-4.130393
-1.625287
4.950524
4.118298
7.457877
-0.842100
-6.266313
5.880177
1.121287
7.275750
-9.035720
3.479208
0.357524
-5.911990
2.687646
-0.085727
-0.016308
0.059347
-1.319953
-3.125189
0.310346
-5.255926
16.307861
-0.241020
-2.512168
5.751083
6.721016
2.536408
5.875866
-0.322600
-6.379976
-5.596256
3.337988
4.373993
-11.131668
10.970620
4.987838
-2.409551
-7.937499
-6.076889
5.480990
-5.136731
-0.166796
-3.460452
9.756175
-7.895608
5.232764
-8.133913
5.824087
-14.739183
15.888639
4.587439
-2.485071
-1.182844
2.233609
5.311662
-6.227586
3.035292
8.258694
7.130291
-2.479199
-8.586062
3.300952
21.776707
6.505830
0.889788
-9.807949
-0.006362
-7.204344
5.186462
0.072127
3.744521
-1.648474
2.811007
-2.328225
-4.177453
2.931073
-7.201733
2.612093
2.156381
6.145087
-3.259597
4.527069
-5.057978
2.193201
-6.800360
3.778805
0.229477
1.823380
-2.506976
-1.084929
3.827176
4.382216
0.246085
-6.666008
8.881416
0.774905
-0.937718
1.388032
-0.561092
1.354794
-9.933034
-5.590550
-4.211133
-5.115943
1.110069
-2.011653
-0.850485
-6.147892
-9.258565
6.897070
-0.264481
-1.062244
-8.067517
3.430165
9.176189
4.409537
3.270417
8.201558
0.694425
10.674250
-5.788339
0.977741
1.172086
-2.483416
-9.359844
-11.535920
-5.687756
-0.264091
-12.088873
-6.819223
0.077550
-8.395772
-8.345500
4.024608
10.845473
-1.357103
4.748774
-7.153530
4.526775
4.493355
-7.171708
0.620822
11.476193
2.229144
2.251504
-4.959688
5.342744
-2.779505
-2.633890
-0.070769
-6.619299
8.752029
-9.662731
-3.517550
-1.468419
8.793192
4.621411
-7.538319
-3.109227
-8.413473
-5.409579
7.569285
2.470182
-2.968353
5.031639
-8.251854
0.157147
8.629798
0.642294
-6.414804
8.816770
-0.024319
0.539146
-8.989242
-0.344587
2.183361
0.792910
-11.061057
-8.164141
6.181398
-2.001012
2.423935
1.597711
4.741572
-10.843512
0.033881
-8.354343
0.728577
7.608451
7.784715
-1.801232
-1.172770
-0.669027
-1.034953
7.090125
25.425268
0.442459
9.272630
0.979749
0.456622
-4.405694
0.720864
-9.512256
1.077139
-8.798483
-2.607434
0.717628
8.540481
-10.466119
-8.767526
6.099421
0.257219
0.227531
-1.977055
-9.642364
10.434749
8.445691
4.543367
5.903234
8.187459
-1.308622
-0.000546
-8.771152
1.012397
4.003100
7.241107
8.077986
1.331296
3.221577
7.800932
0.977455
-0.234875
-3.107285
-11.018020
-3.013315
0.695419
3.333618
8.755848
-8.822920
-5.680539
2.066341
-2.325204
3.762239
4.927098
-3.939739
3.002904
-7.186080
1.332407
0.291216
-8.032570
2.867779
4.105536
-0.593688
2.751160
8.134496
-3.790899
-0.052926
4.620687
-5.372854
0.546151
1.626482
5.417958
0.443416
-7.383522
0.479337
-10.227661
10.800505
-0.774638
-0.481283
3.614555
10.070947
-6.628290
1.373127
0.039636
-4.884753
-9.472705
6.462151
-6.761942
8.384377
-6.115952
-1.825393
-11.834507
-8.129024
-3.863786
-4.424099
-3.061479
-1.363240
-7.049931
2.596872
-6.003940
10.564458
2.214603
0.452293
4.449196
-1.144595
9.866221
10.221993
-6.495525
-1.464316
3.821748
-2.992168
2.294583
-0.162461
4.443410
-2.605282
-8.451579
-16.057549
0.043480
-2.206942
-9.089926
5.437232
8.076980
20.834322
-0.359552
-2.529818
8.142041
4.111405
-3.279189
4.745169
0.775362
-0.162462
0.747992
-8.196476
4.517760
2.545433
1.828624
0.135512
3.096632
-4.878453
-11.838426
0.701039
8.360620
2.267997
4.915854
0.147126
0.777613
-3.066518
-1.465060
-8.100779
4.219391
-1.863592
17.359468
7.492710
-1.547772
1.701271
-2.061721
-9.571853
2.911939
-5.324421
0.152466
-3.788124
-10.909033
3.286092
9.815675
1.524951
7.230110
-1.220830
4.901028
-0.131219
-2.807931
-3.324867
6.066106
-3.511578
1.145808
-0.497463
0.396869
-3.838059
7.153264
1.475100
6.804794
5.975887
2.723366
-3.604925
5.690619
3.712579
-4.576257
0.435201
-0.463078
-6.768063
-0.460314
6.735116
6.388233
-10.941923
-1.912099
11.608236
0.039236
-6.428591
1.848323
3.548152
2.225128
-2.192743
-8.204992
0.314682
0.709365
8.347350
-5.889646
2.849947
-4.870501
7.777750
-4.200435
-3.069760
3.944951
5.867443
2.468086
-4.534776
7.074408
13.674426
-7.373867
-0.211360
3.192576
-3.701676
-10.337728
-5.532796
8.707262
1.193613
-2.412303
1.034049
1.752573
7.641038
0.198556
-5.281138
0.024279
-0.939641
-1.606380
-6.199528
3.679286
1.010345
3.344408
3.808338
-2.387773
-6.796197
8.023311
-1.186221
-7.131308
-9.708179
-10.968383
17.819401
2.028785
6.239722
-0.906496
-0.779698
1.747142
6.802193
6.921372
-11.830742
-0.037851
-8.242191
-0.879827
-14.754995
-6.022223
-0.159825
-10.590412
-3.161386
-7.188494
-3.687291
-6.727288
-4.372211
2.354552
-2.117657
-14.000752
-0.758471
1.393105
-15.467208
1.338049
-1.409922
1.939599
-4.050540
-5.435270
-8.052068
1.010058
-6.340085
-4.750918
2.547178
1.063787
-5.051499
7.339361
12.794659
-2.157706
3.936984
1.019770
-1.759948
-5.452368
-1.482376
1.085918
0.111932
-1.600467
-5.323294
-18.198821
-0.621692
-0.391932
9.543558
-0.663324
3.076367
7.695442
-10.324054
-5.792681
7.802618
0.504259
-7.316232
-1.627094
1.569281
0.126669
0.010952
2.140391
-4.026644
9.263097
8.315915
9.898515
-1.766365
1.940921
0.130606
4.252683
0.087873
3.264444
4.384014
1.835593
8.229490
-1.315444
6.262096
-0.002107
6.384984
0.132306
13.020922
3.500685
4.170662
1.911917
3.877464
9.518616
-7.173331
7.647016
-9.225474
-10.439059
8.224067
3.807588
4.390698
-7.873858
-0.340976
7.719413
1.357445
3.795325
4.921000
-7.182010
-9.365749
-8.546826
-4.626601
3.079162
-4.730718
-2.317079
-0.745075
-4.606159
11.593815
1.259930
5.389884
-8.268283
3.924055
-9.316684
9.210857
-2.764247
-13.443200
4.720454
0.047249
2.460109
5.863029
1.311675
15.870846
-2.006072
4.140834
0.084090
13.197838
-0.296105
-2.813600
-0.298241
-1.538807
0.532570
-1.046167
7.190550
-4.099029
-7.178383
0.228017
-1.469186
-7.422061
1.744807
-0.547186
4.549567
-9.850881
3.108737
3.502711
1.444288
-4.830261
0.510485
-9.102261
0.015504
26.273052
-5.446462
-0.557246
4.085220
-4.945139
-12.501272
8.646173
3.842977
-2.744319
-6.800289
0.895058
0.018575
-16.956009
8.086143
-0.119841
0.258450
-7.681805
-10.489842
-0.427025
-3.116279
-6.335629
12.948634
1.701797
-3.164942
0.124575
2.805724
5.754086
2.018413
-5.355278
0.649094
5.584707
-0.361288
10.739894
7.141075
-6.872998
-6.252791
3.083189
4.301932
0.968277
3.326900
9.081517
9.160713
-4.919376
-0.722921
-8.021783
7.498822
0.769685
2.169513
7.753043
-7.898362
8.100178
-1.798178
8.035182
1.084071
1.348830
-1.634871
0.068561
-3.723857
0.340390
-4.678887
5.770303
5.465386
2.339605
-0.214851
4.733236
5.486532
6.186996
-2.700373
6.283085
6.454216
1.824270
2.811048
-6.147145
0.035587
4.863970
3.742662
0.449898
4.431242
5.258515
-5.813903
-2.954337
-0.084337
0.302436
-1.825080
0.032122
0.374744
-6.247665
14.524375
6.613168
3.972047
-10.266390
-4.142325
10.175365
-2.533962
-4.109534
-4.855589
-10.000088
5.238077
0.501584
-1.378556
5.922379
0.353364
2.848556
-3.588325
-1.245255
-2.616993
-0.507289
-6.960201
0.312966
-5.842776
-0.480704
5.047446
-2.768662
1.579294
7.010721
5.034349
1.777532
1.556888
-3.513966
-10.132226
8.822752
-0.060894
-2.819032
-7.837102
-2.993413
-10.799288
-0.259891
-0.451065
0.754588
-5.130421
-6.586310
-3.015076
5.884432
1.534372
-0.300678
7.939778
-6.468425
9.860356
-4.066673
3.771778
2.402988
0.195430
-2.390209
-0.730679
5.153819
-10.386304
5.489831
-2.540269
1.071609
6.601414
-5.553148
-4.663463
-2.838763
-6.277475
-0.008186
-6.533885
-4.815832
8.199914
0.519999
-0.490130
-4.463340
-0.540304
0.590460
-0.328486
2.000455
-6.322149
-4.680107
8.208210
-1.570115
4.016193
8.261003
-4.706651
12.753366
-1.106795
-4.915594
5.840077
14.107223
4.360657
0.318935
8.385511
9.422628
0.954317
2.149780
8.311169
3.286069
2.938731
1.004974
-9.768541
3.545102
10.191244
3.359763
9.630773
-1.268984
-7.472145
-0.205262
-1.253295
21.837260
-2.532397
-3.036441
-0.119669
5.924293
-7.845302
-8.280072
-3.915532
2.151998
-4.510487
-1.264146
6.216542
7.930938
-2.755571
1.267727
-8.887712
-4.313646
-6.034880
0.716826
5.003655
-8.124003
-3.048795
1.341622
0.720117
0.236540
0.057950
-4.496935
-1.597548
7.591877
6.965059
1.099440
9.730678
-8.564507
3.191404
4.090112
12.191114
-2.450357
9.105368
5.444221
5.721758
-8.182725
2.192587
-0.109465
-0.540644
3.629037
0.436110
-0.969195
-4.684525
1.390107
-13.308191
-2.943633
-0.250634
5.237996
1.619585
5.778756
10.450372
-8.737605
-13.034373
0.041683
-7.927353
-0.339417
9.601127
6.290119
-4.692551
0.298419
0.233823
6.747543
-6.738052
-11.015177
-0.103433
-1.047799
0.510614
1.980236
8.037629
-2.304232
4.750570
7.964493
1.017153
1.440295
-8.369474
-4.448636
-0.200040
8.953412
5.976600
-2.160094
-4.651828
-2.680816
-1.561070
8.278236
9.073888
4.047957
3.343619
0.329022
-1.620188
9.296313
9.559110
-4.584882
-0.378872
-0.969867
-1.573198
-3.276121
-1.506871
4.951843
-0.098401
9.610529
-4.807250
-0.242664
-8.459107
-4.684677
10.893667
0.258385
5.213976
-2.021454
0.609678
-0.759308
-3.107668
7.301912
-10.481181
-5.567787
-11.751964
1.088617
12.899435
2.879917
3.011082
-1.602106
-4.111897
-1.757122
-4.014613
-0.129753
-4.464528
-11.182694
-0.736832
-3.364991
4.147468
-7.451121
-5.636720
-0.597180
1.745498
-5.260612
-2.764750
-0.184946
9.141382
6.579871
1.450252
-0.142045
3.172221
-0.140664
9.831143
-3.039379
-4.167146
-1.035443
9.991883
4.898762
8.553335
5.080233
1.898281
4.506433
4.159473
-0.243467
0.917389
2.801309
0.422392
10.810091
-6.195885
7.566369
9.570776
-7.364360
5.512698
1.592838
6.916996
0.530871
-1.066127
-5.847494
-7.415369
-9.051253
-17.153155
-5.090741
-7.128656
-9.823325
-0.445576
5.248669
0.759835
-4.937140
-3.204711
7.565485
9.764033
-2.712721
-2.255686
-3.500938
-2.860758
0.795929
-0.654686
1.331452
1.846521
-2.930333
2.479335
0.371264
-8.754820
-6.648769
-0.094764
4.262583
-5.198119
3.959835
2.063499
-0.258677
3.691238
-5.026040
-2.608084
-7.839243
2.142617
0.495660
-3.734550
-8.957570
0.181177
-5.331793
-1.483565
-9.415859
-9.267238
0.684462
7.300866
-2.035896
-0.735877
-0.023561
-3.301242
-4.480522
-13.888589
9.831194
2.898888
-0.111468
-2.018828
4.803529
-3.378955
3.424104
-2.585307
-1.474602
-3.065923
-1.643475
-1.979012
1.109433
-5.472657
5.209320
11.481864
-7.844635
0.125475
8.184139
-0.536729
-2.746332
-5.762005
-2.919553
6.927278
2.605498
1.089780
3.240368
-2.354352
-0.349984
-1.193909
1.178811
2.174977
2.366528
-3.796207
4.245904
0.199521
-3.559278
1.326209
0.498672
2.679460
-7.150920
0.107848
8.294451
5.127452
-9.735634
-5.923524
-8.268315
4.512771
8.855950
1.942541
4.445344
-3.076280
4.537402
0.440565
-0.558419
15.186039
0.716935
3.700926
-12.839990
-6.281832
-3.239158
0.162873
-6.346702
2.773382
-1.526722
1.424712
-3.535192
-3.480254
1.032925
-6.121745
0.909013
-4.763771
11.334914
-8.259196
-13.617979
3.436640
-5.610815
3.148589
3.642216
-12.215463
2.868745
-5.659167
11.062306
4.426022
-2.735412
-7.329311
1.310376
-7.633794
-8.161602
0.740354
5.089884
0.354423
-4.887062
-5.884627
1.600441
0.967232
0.587893
6.159159
4.877574
-11.625922
0.253277
-4.015485
0.811821
6.292700
0.171572
2.516114
-6.475529
-9.543156
-3.140837
-5.411707
7.025066
-10.009739
6.849710
-2.619823
-2.928331
14.709938
7.042045
-1.538964
-3.807089
-7.449480
0.568493
1.948887
-9.517968
14.517482
-0.256046
-1.233124
6.250436
-3.342148
1.092365
1.572501
-1.865452
-7.607036
2.375764
-0.210663
-12.415878
3.961498
-2.420504
1.057704
2.443722
4.785767
-6.082331
4.368960
-3.337253
0.661903
11.103805
9.202323
-6.971457
7.100710
-2.087627
5.321888
-5.885520
5.213241
-7.809431
6.941701
0.070838
-5.166197
-7.668190
-0.666368
3.325369
-2.816311
-6.473828
-0.088550
-1.975526
9.547328
-0.725806
-3.932705
-3.773008
8.138426
2.071131
-2.177672
1.287210
-1.977537
-11.138773
2.380519
13.984205
2.272830
-2.710891
0.465878
-9.595756
-0.186266
2.958252
0.301936
2.544965
-0.621600
-0.739988
2.579214
-6.679207
4.339906
-7.738682
-4.548624
11.029166
-1.271034
9.827403
0.162042
-4.028941
-0.201183
4.265594
-6.426278
-8.925464
0.070399
-1.057891
6.141269
-1.358435
-0.041804
-5.531641
-5.732205
-0.180051
1.423509
0.483632
0.506442
9.154451
1.034579
2.208279
-0.664443
-9.178258
-0.761139
-4.298656
0.586477
6.549167
5.068105
9.748308
3.080744
9.999501
-0.978669
3.413563
5.047542
-6.558028
8.153510
-6.718984
-0.190449
-2.444475
-5.957451
5.902047
-0.891665
4.867075
-4.174809
-3.297760
1.697264
-47.070767
-3.217457
0.505365
5.146683
-1.375835
-1.394109
-0.598813
1.562951
-2.934531
-4.953024
-3.798978
-6.097209
-2.722605
2.008376
-2.822075
7.510237
-12.041791
2.765742
-3.164711
9.295664
-8.919559
1.024038
-23.818298
-6.179814
-11.374998
0.131058
-5.171440
-23.616280
-33.198058
-3.665878
-5.893907
-52.293359
-2.579794
3.468349
3.115664
0.097110
-4.982297
5.000767
-29.788230
-3.499829
-2.667879
-5.368310
4.798525
2.735683
7.972240
-1.131656
-4.927542
-12.881701
-18.186169
2.348793
1.456469
3.816379
2.481298
-4.527799
-2.368519
9.344886
-0.361162
-9.265917
6.090564
-5.115089
2.597476
7.705368
-5.202565
-7.526104
-8.144211
8.513411
8.628167
4.614825
3.037143
13.365564
5.052552
-5.253325
12.857768
-6.197776
2.460881
4.794725
-1.288473
-2.324538
-6.366719
-0.702835
4.739067
-8.824727
3.092010
-1.008725
3.305041
8.285975
-4.333247
2.175876
-11.479658
7.995256
5.573952
-11.817610
11.096395
-0.450824
-3.391244
10.140597
-2.144980
1.176507
1.002359
3.045138
5.185485
-8.545332
10.575249
-7.444025
-0.267865
-0.665747
-7.834460
9.403820
4.502767
4.904627
-3.837267
3.712484
-4.117929
11.972680
-13.359582
6.477876
-1.534839
6.069686
6.601661
8.493546
-3.666620
1.745138
3.554136
1.909983
-4.945870
1.885754
1.467260
-2.049847
-4.116094
0.994974
2.898162
-8.637191
-5.464262
8.827395
-1.147929
-3.287224
4.492215
7.586173
-9.906170
-4.604584
-2.276594
0.164835
0.948636
5.409130
6.093240
-4.955497
2.324226
3.516306
-0.890026
-4.922167
-4.349879
-5.595929
5.992833
1.984655
-10.720810
-7.178347
-6.183835
-362.278200
5.789257
-11.515618
0.893710
-2.689237
5.292230
24.745229
0.262400
-1.318174
6.845867
1.488362
-1.060761
-9.443209
-0.418839
-2.920274
8.924486
4.615600
-8.804256
8.884610
2.482854
1.357506
34.943107
6.427689
8.023425
2.018052
7.067206
1.385321
2.552335
3.949776
2.961278
11.344122
2.387033
