-1.554880
-9.070385
-1.921395
1.044084
-7.058015
2.446507
-0.913281
-4.424844
-1.795319
2.929282
3.098898
1.281449
-9.341900
0.549151
-0.470901
0.581322
3.914860
3.100342
1.178062
4.883814
-0.663459
-3.103816
0.559292
-5.189302
7.221538
-9.199352
-10.149135
9.829790
-0.437648
0.627197
0.222694
1.280615
10.388921
-0.910803
-6.700734
6.110509
-1.960107
-0.111732
-0.829913
-1.477443
-6.076977
3.339150
-4.596180
0.724242
0.821546
-2.238861
-8.287332
-7.941445
-8.156607
9.963641
0.301283
-2.694935
3.086245
2.223254
9.698296
0.262138
10.618845
7.392379
-0.408863
0.054115
-12.964345
7.720432
5.472937
-1.571503
-0.229790
-2.322556
-0.632248
11.823760
-2.062046
4.401136
1.019730
-5.478350
-0.267000
0.336513
9.994433
2.511089
9.402988
-0.675657
5.820753
0.223094
5.568164
-4.848466
-8.544897
-5.699804
7.473349
1.075880
0.433966
-0.631637
0.146879
-8.516678
0.999840
-2.798785
-0.878435
11.618305
-0.654866
6.114316
-0.024449
-0.485789
7.535275
-0.385747
-0.205287
-0.808121
0.440934
-2.657959
-4.914648
9.912115
0.465510
1.001727
-1.211162
-6.367272
3.425466
-7.368015
-5.136311
5.486307
-8.479207
-8.341581
-0.246262
-0.033873
0.337526
5.514665
-6.619921
0.945847
0.490630
-0.292888
-0.544854
0.658604
9.597580
0.313528
0.915090
-0.018823
-2.451086
-0.243631
0.157622
-0.659841
2.312615
-0.286653
6.870171
0.516773
-4.189335
2.900237
-10.849402
2.893927
5.439701
-4.087089
0.899931
-0.251131
-8.034715
0.560230
-0.886778
6.708833
-8.186490
0.181250
-0.214117
-0.373427
12.761055
-0.486488
14.770741
8.982731
5.033619
0.348336
-5.277583
-12.952623
3.437360
-3.015540
0.714963
0.951824
-3.394505
-0.787841
1.191169
0.769632
6.063912
-6.964816
-8.503230
0.395835
7.030317
0.307350
-1.027202
-0.262192
0.399602
-7.628612
6.971651
-1.886916
1.819653
-0.427963
-0.912578
-5.529744
-0.402234
-0.664725
2.171539
-1.932364
8.400944
0.464462
9.139790
-3.183156
0.572040
-0.651285
6.745960
2.060890
-0.347657
-6.728794
0.449585
-0.405800
7.274923
-0.764039
0.783268
9.256663
0.834749
-0.006959
-5.669834
0.362372
2.024814
5.264691
-0.250761
2.014709
-0.121816
2.791206
-3.865896
0.592896
0.739848
-5.500953
-5.890716
-0.003274
5.854130
4.909984
-0.206364
0.455599
-0.718134
3.378802
-3.641314
-1.292426
-9.909802
-0.146415
-2.213954
-6.708258
0.250336
3.911491
7.008352
-2.520263
-2.416319
5.172258
-4.945722
0.508916
2.123456
0.977320
-8.577900
3.157777
0.357113
-0.496924
7.153895
-0.308709
4.852966
0.877729
-0.694677
-0.416148
0.125339
0.462833
0.757421
0.245447
-0.607258
1.066442
-1.852586
0.080791
-12.343175
-4.290206
4.785157
5.075047
8.756929
0.394686
-7.147441
1.682256
0.064189
3.646641
0.696150
-4.217678
0.378497
-0.793804
9.684182
-7.122605
6.030110
-4.868813
0.164263
-0.301678
-1.863957
-6.762742
-0.856013
-6.385322
-8.982639
-0.184801
3.685035
3.028760
7.360716
2.836391
-9.145666
-6.903848
-0.233204
0.737531
-0.683772
-0.023580
-0.320711
0.030330
0.573121
-0.857347
2.597487
-1.884630
-0.145642
6.497841
-0.818945
-9.629487
-8.860861
-4.075164
-4.749324
3.488862
1.528774
-4.821169
9.354991
-0.810585
-5.131941
0.083896
6.579418
0.806360
-5.444384
0.307331
4.610532
-6.505987
2.798294
-6.403046
-6.128385
9.710048
-1.882048
-3.702462
-4.419464
-7.881502
-6.725611
-1.804041
0.204352
0.462234
-9.681333
9.674792
3.096079
0.460830
-5.918033
5.263055
-0.523591
-4.606279
0.417882
0.829926
-0.485059
3.188882
-9.874603
9.551413
11.667449
-2.557227
8.873395
-0.711775
-6.470830
0.567818
9.551498
-3.353359
0.793430
-9.789879
4.126374
-8.656005
-1.002361
-14.772099
-0.626085
-0.551855
0.396268
-4.443759
1.160566
-2.302155
4.002169
-7.691918
3.231432
-6.064806
1.358406
-2.870350
0.120438
-6.406976
0.109999
-0.186275
24.805051
0.554778
2.847213
0.397593
-0.275784
-1.424515
-0.106404
0.506456
0.853337
-5.010478
-1.222845
-3.736892
-7.008054
-0.248134
4.355543
0.635403
-8.845988
0.423915
6.736159
-2.018995
1.242718
-3.659749
-0.007040
0.642627
0.636862
-8.063989
-0.234853
0.787484
9.860748
-3.144256
-4.359857
-0.522880
-2.069613
-4.198452
-3.060524
-6.274376
-9.333553
6.703394
-9.002772
6.462244
0.578608
0.066221
4.671524
0.285928
-2.855362
6.350282
0.019701
-5.476146
-4.700621
-0.111584
3.490378
4.786555
11.264268
0.925243
0.752404
-1.583090
5.320222
0.054322
0.085617
9.125453
0.463992
-1.606839
-0.489077
-1.186188
0.709929
-5.074993
-5.886216
-6.834759
-4.998720
-0.630592
-3.253975
-6.172034
-0.711961
0.571880
4.878310
5.856001
-1.234587
0.674610
-6.557324
-3.948754
-10.309168
-1.117186
-3.201713
-0.423484
-0.256791
-4.941319
0.561892
0.431334
-0.337749
-7.445575
-1.413942
6.330228
-0.946567
0.357957
6.556864
-4.240314
0.324827
0.228529
-1.386861
9.298992
-5.735557
8.894675
0.323728
-0.188340
-4.067787
-6.058692
0.867404
-3.006779
0.207654
0.226075
-0.612622
5.958991
6.841485
8.782594
5.078945
0.659464
3.804626
-0.627219
-1.591108
0.173429
-1.475967
-2.129494
4.487324
-3.911430
-0.314288
-0.173292
9.628691
-0.015376
-10.319162
0.303788
3.464346
-1.070795
0.297070
0.170656
-0.337478
-0.034468
-3.885399
0.129546
-0.060180
-0.102730
5.672515
6.990906
1.057446
-0.743598
-3.809763
0.577851
-0.282443
-0.749233
1.911751
-0.280950
-0.820781
9.509971
5.289925
-6.605797
2.436513
-1.098077
4.189747
0.037028
-0.299869
-3.729320
-2.119070
0.267920
-2.799772
2.879165
-6.149055
0.202608
-2.282065
-1.222095
-5.951669
4.758494
-5.719077
0.619248
-0.392681
-0.538474
-2.495922
-0.673208
0.813296
13.226305
-0.696147
-4.237128
-0.845694
6.418704
5.525274
-0.519512
0.451111
1.179648
-0.639267
8.592696
-7.745738
-3.730547
-0.527724
0.799143
1.998448
-0.877110
-5.460103
2.883519
0.417702
0.796092
1.993327
-6.502951
0.454198
-0.685166
0.514124
-2.648203
-3.388962
0.156436
-0.682974
-0.122281
-9.140966
0.529742
2.562146
0.913545
-3.803491
-0.929508
-0.007962
-0.324199
-7.935507
-0.708475
-4.811771
0.023380
-0.328345
3.009178
-9.925058
0.299543
1.752243
-0.689304
-3.644592
0.062199
-1.873967
-7.491452
0.052778
8.909128
6.561839
-0.850443
2.596842
-9.117864
-0.096491
-7.182149
8.708630
-5.612887
0.791318
7.731768
-2.116548
-1.077998
-3.136080
-0.226100
-6.073593
7.164079
-1.471542
14.490625
0.023055
7.447676
-0.673068
-0.491339
12.567882
-2.272562
8.539988
2.804907
-0.679022
0.648202
0.218439
6.658054
-4.108030
0.615968
9.733898
3.968933
0.439636
7.106800
0.612568
-0.052657
4.571897
3.232464
0.715931
0.879963
0.835661
-3.983615
-0.702008
12.626937
0.840184
3.748107
3.493580
-5.566953
0.008051
-8.957533
-0.280555
3.388215
4.297783
0.687635
2.316427
-2.811236
-0.900814
-9.016457
-0.092318
0.391219
9.114089
0.452879
-1.151087
4.651403
-0.161503
3.931231
0.250497
-6.294657
0.827485
-0.416527
-2.368599
13.830309
-8.013176
0.728057
-7.852533
-7.417635
5.137826
-5.167787
-7.959008
-0.189210
-0.239691
1.924634
-0.521314
-4.418963
-0.120878
-0.579640
-4.057744
-3.214360
0.930699
-1.725925
-0.111481
-0.800366
1.901203
-4.380373
-10.855810
-1.527952
-6.292971
-0.295718
-0.704367
0.329549
-5.955504
7.474335
-0.812942
-1.891083
-2.509655
-2.489837
2.279900
0.120121
-3.241633
9.249296
7.535859
7.268890
0.999482
0.733013
-0.533602
-6.478653
2.447444
5.399683
-0.329431
-8.477418
-2.196950
-0.307549
1.217740
1.035178
4.966984
7.537585
-8.306117
-0.414560
6.047476
-1.308696
5.479383
-0.373804
4.229091
3.575533
1.026055
-5.448340
0.090402
-1.179733
0.876384
3.433511
-10.499913
-2.130120
-0.066862
2.919632
-5.206447
-3.280122
-0.393475
4.620685
0.341383
0.047818
0.541989
0.488749
-0.410253
-8.237389
-0.330200
6.816375
-0.835646
-5.993088
0.973938
-0.007280
-2.855033
-1.365424
0.007189
-0.654818
-5.295347
5.175315
-1.323643
-4.502925
-0.244736
-7.511618
0.426617
9.128741
0.982439
22.938031
5.153258
-9.190948
0.570389
1.508674
2.687499
-0.020543
0.193561
8.509485
1.892381
0.827219
0.493009
2.222974
0.016052
3.040855
-1.181684
-1.454541
0.066195
-0.710414
-0.630243
1.472112
1.417772
-1.166449
-7.596753
-5.294057
-3.425382
-0.008985
0.060458
6.532629
9.372450
-3.760684
0.296876
-11.162103
-0.468809
-3.601185
-3.251837
-10.858444
1.625642
-2.016199
-6.908664
-3.823178
-6.081575
5.532557
0.603447
0.386457
-7.168278
-2.211972
-0.580665
0.740993
11.023045
0.398450
-4.404127
-3.361047
-9.004918
2.627055
-3.361238
5.593330
8.859844
-2.375236
-1.263301
-0.317792
1.098989
6.758504
-2.178595
-11.496035
-4.552897
-0.577771
1.709278
-8.022775
5.364734
-0.745803
1.088691
1.409655
-1.704542
1.550980
-0.538552
-1.099467
-0.291450
-6.185713
-0.387783
1.851184
-0.159330
0.865987
-0.515030
-6.385282
0.217366
-4.717851
0.927162
8.495182
0.525215
-0.436643
-0.022735
0.279150
0.378988
0.159265
-10.076953
1.169568
2.979402
-0.459307
3.413102
-2.580206
-6.941164
10.623447
-0.726270
-2.034689
-1.972192
-0.903207
5.944212
1.647402
-1.740031
7.465923
-3.413124
1.260783
-7.228064
-0.846024
-0.921234
-3.623411
-0.604688
5.495405
2.182179
-0.103870
9.303939
-6.149684
-0.526893
-9.290114
9.000037
-0.116769
1.339787
-5.850733
-5.659850
-2.695033
9.146660
-5.267728
-7.821859
3.912947
2.016602
-0.176058
-8.523018
0.872011
-5.446113
-1.895636
0.482899
4.381585
0.935451
8.240456
-0.242169
8.723661
5.064027
-0.320510
-10.214913
9.150836
2.642334
7.472281
-0.625108
-1.850137
-12.594794
-5.582968
5.757320
-1.201774
-6.579903
-0.333850
5.368113
-0.450156
4.874676
-5.658696
7.557077
-9.344857
-0.553130
0.475161
0.725294
0.790114
7.887569
0.562522
8.038314
-8.375857
0.466719
10.238500
-7.189272
-5.526335
0.236473
1.638783
2.253618
1.805649
2.821647
1.687240
4.968008
-0.503750
-0.967974
-0.323184
-1.152310
-3.442515
-0.067232
6.335312
-2.160396
-5.715286
-0.302650
-3.588656
-3.295517
0.289482
0.503693
-0.781710
4.829524
-3.891215
-2.040446
0.472221
-4.270560
-1.526935
0.124551
-6.369016
-0.023985
-4.189650
-5.560439
-0.446177
0.101030
2.218294
-4.938001
-0.190363
4.978929
0.948482
0.352642
5.742581
8.019086
2.572912
0.001248
-1.250716
-0.264650
0.950624
-0.156265
1.295104
-1.725623
-1.650410
6.423099
10.332954
-0.046312
-5.253524
-0.155015
0.547087
-9.448614
0.206726
-0.887104
3.777962
8.345658
1.359325
-2.887813
-0.740766
-6.195624
-0.474628
-0.063565
-8.278980
-6.512843
4.499979
-0.563800
-1.633438
-4.830034
16.898720
-7.971870
1.020902
6.640668
3.715541
-0.794631
0.265300
-3.359954
-8.467287
2.247368
-0.774395
-0.976910
-0.112939
8.343010
-5.785326
8.227183
9.388987
-5.823660
6.887719
-0.852112
2.983060
-12.389222
3.488015
0.240456
1.578364
-1.562930
-4.170024
-0.564888
5.221002
-5.487350
0.448419
5.560747
-5.807802
0.784378
-1.578441
10.385173
-2.972420
-3.122401
13.467638
-6.757444
0.084811
-6.311141
-0.763035
0.497291
2.230908
0.604428
-3.457240
-2.483106
0.475359
0.179140
0.356119
9.384778
-4.993933
-0.730747
5.351721
-1.497866
-5.729731
1.909553
0.441233
-0.863494
-0.430025
-0.586553
-1.146044
-0.167843
-1.636478
0.171763
-1.013111
1.687032
0.665626
0.727260
-1.018301
-0.816590
-0.046115
9.377946
2.963924
6.184605
0.394891
4.315752
0.837580
5.280013
-6.493573
-0.290736
8.087647
0.144081
4.357522
-2.283575
-0.588534
8.112932
-11.297334
7.540525
-1.336417
-0.077167
-7.854823
-4.730687
6.879505
0.238663
-0.289261
-0.620347
0.139943
5.550562
0.084277
-0.034070
1.976363
8.383302
-11.621260
-10.146116
0.156052
8.888244
-0.053721
-0.209084
3.789939
5.484689
-1.674274
-3.088829
3.753711
-0.607429
3.420373
-8.256459
-0.917911
-1.092596
-0.244347
9.483161
11.908113
-0.233390
-3.522678
-0.037935
-7.980509
-0.075465
8.522666
-6.945690
-8.379407
0.281680
10.248536
-8.818399
-3.922946
-0.089909
3.721246
6.865420
1.439261
0.208530
-0.771013
-0.952379
0.528475
4.929562
8.935917
1.128745
8.880792
-2.202596
-0.907647
-5.995575
-7.916490
-6.817956
-2.873394
-7.443763
6.991171
0.739197
-7.451353
1.129807
-6.588635
0.457118
-1.803947
-3.280442
-3.289577
-0.563162
-8.606806
2.616818
0.284473
-4.076553
-0.600764
-0.113209
0.078878
0.927015
0.729331
4.289177
2.151267
-6.114550
-2.251830
7.827382
-7.489732
0.419888
-0.378134
-0.281456
0.127134
-4.402700
-0.047418
5.401802
-4.113581
-0.167716
-9.124353
-1.343652
2.496643
-7.226313
-0.391497
0.118014
3.874347
-4.044768
0.421903
0.571100
-0.123203
6.650330
-0.198514
-9.302407
0.075363
1.273908
2.218089
-9.330886
-0.337719
-2.284634
-1.771458
-0.968335
-0.120366
6.549488
-0.389090
-5.725266
-3.029612
-0.310841
4.809125
-1.372563
0.570855
0.758446
7.657840
6.531826
3.281282
3.868833
-3.862968
0.552829
0.220888
-0.633543
-4.381602
-0.430178
1.191311
1.378998
0.780827
-3.087174
-1.165833
-4.542610
6.108881
-0.181530
-2.793804
-0.136775
-7.417766
6.328391
-4.573378
5.607143
-4.413410
2.505659
0.010274
8.125736
-2.720331
-6.602408
0.045374
-0.715783
8.774249
-6.353929
-8.236022
-2.095611
-9.032555
2.375234
-0.255267
11.412931
-2.492922
6.233162
0.075562
3.649067
-8.254809
7.543760
1.726842
-5.806266
1.302679
-1.391075
9.301216
-0.060689
-2.132083
-8.002299
0.420188
-0.271957
-11.627732
-0.360358
-0.822515
2.228013
-1.733510
0.296984
-0.275565
4.037311
4.008937
-0.560977
-1.892253
-9.040685
-7.172481
-0.890289
-8.448768
-0.366154
-0.064833
5.535711
-7.023304
5.700615
9.393895
-5.823846
0.143365
3.825776
-11.155410
9.749007
-3.784511
0.332184
0.056805
-8.006876
-9.452772
0.866789
0.079695
-5.772680
0.213924
0.417580
2.172693
9.365411
0.665903
-9.224751
-6.203784
12.313075
11.516794
-1.867908
-0.410781
-0.122218
3.770192
0.086573
2.034363
-0.439331
4.537977
2.512937
7.015466
4.322031
-0.176017
-0.429958
-1.057135
2.806735
0.243611
-0.302751
-9.174893
6.647149
0.534435
-1.270747
2.742902
-1.654080
-2.317256
-3.681967
-0.061341
6.040291
0.199484
9.829638
3.792581
-6.317539
0.463966
-6.617110
-3.235132
-0.559868
1.338632
6.186450
-0.777334
-5.837319
0.156653
1.077690
-6.017085
12.487058
0.890647
1.712345
-14.435569
3.624964
0.596182
-1.648276
1.280866
4.818819
-6.575076
-4.124215
3.014676
0.405091
-8.156411
12.809045
-0.149311
-4.070232
0.127792
-1.419600
0.635986
-8.428803
-8.426121
-6.753387
0.043966
-3.973068
-5.143998
6.026893
-8.426444
1.192700
6.149846
1.013701
-1.075039
-1.931428
-8.929137
0.586472
0.307510
-4.542162
0.115416
-5.432985
-0.176598
-9.196532
0.690111
-0.486436
5.426977
-0.072381
-0.313431
-7.366391
0.023045
-1.020876
0.453706
-0.611186
-0.461561
0.136127
-3.477902
0.778299
0.754094
-0.116777
-4.565545
-0.210082
-0.288567
7.038677
-9.763665
-0.731626
0.840613
4.119482
-0.601325
6.955085
1.060218
0.039611
7.847440
0.992649
-1.621012
-3.340096
-0.478385
0.837298
-2.569866
0.044991
-1.292128
0.384095
0.254560
6.628315
-4.249992
-0.129291
11.442606
1.004845
0.010885
-0.781187
2.077788
1.593579
4.221375
0.014727
4.520843
-0.259454
5.336645
-0.821797
7.740742
8.275619
-1.219508
-0.948773
1.287418
2.644083
-0.151394
-7.581865
-12.525785
0.337270
0.200632
0.571851
-7.291034
-0.897801
-0.480713
0.654959
-0.374214
-0.154015
-1.280566
11.706052
-0.500070
0.240277
-3.533131
-0.515745
-1.842890
-3.958073
-0.670645
1.068137
0.111486
0.455528
-2.492951
4.005450
0.186474
7.548726
-2.111243
-3.227496
2.133926
7.295229
6.683551
0.006822
0.600352
-3.276251
0.459672
0.439866
9.686166
-0.880082
8.113153
0.888752
9.948926
4.819789
0.790384
-6.099065
0.233840
-0.499315
-2.961414
-0.820322
3.383643
-0.702689
6.653137
-0.441499
7.504966
-8.774063
4.444711
1.742804
1.675386
4.913956
-3.403208
-0.363786
-0.204379
9.703281
12.088667
0.729667
0.374009
-0.272519
1.088618
-0.478760
0.735881
0.617007
-8.908237
6.294164
-6.646640
9.359203
-8.626720
-10.691625
-2.610057
7.125993
4.571905
-8.252835
-62.665957
-30.795183
7.593895
7.172087
-62.329510
4.625254
-3.884242
-5.115262
-31.409372
13.030883
-0.440127
-36.979317
-24.487970
-42.232310
-6.044219
-74.018217
-41.123249
9.723333
-0.897131
-38.533805
1.462391
-81.505361
-0.330566
-0.456585
-45.516368
-25.317781
-20.648766
3.526148
6.043236
-44.729207
-8.231018
4.657563
-42.827481
-51.368859
-45.023363
1.421418
3.932631
-54.051045
-49.271267
7.673521
-3.808907
-56.992604
-31.117229
-3.886052
-5.249888
-6.022716
-2.020121
6.281228
-1.211920
6.569579
7.836567
-0.023842
2.184811
18.542603
-6.960904
14.338914
4.927094
-6.842894
10.817400
-1.695486
6.939150
-5.722380
4.671730
0.900541
-11.859278
16.418446
-4.273840
3.453488
2.045405
23.830488
-0.939919
-1.837737
13.248438
8.848954
2.611909
-11.368580
8.655164
6.685772
7.775681
8.575871
12.274460
10.299214
-10.297454
7.506739
3.812177
-1.123016
22.010260
-4.097849
12.001174
-8.515220
8.553891
6.303279
19.156948
-2.682100
4.409359
-5.678323
16.808978
-5.968306
-4.991859
5.805728
11.463323
-2.283053
-3.433134
5.624483
34.834295
8.146326
5.260212
10.967594
1.915863
343.402472
-2.042467
5.593986
18.605668
-1.712213
-1.716195
1.813289
-8.478492
2.316347
32.470453
0.890031
1.953096
5.263123
5.023049
-5.427428
0.888676
1013.852014
-9.183738
19.399347
7.067268
4.391177
22.935129
5.245518
10.528417
6.900020
27.097602
16.820322
-7.659415
9.982421
1.646052
1.884239
5.240754
0.767029
-2.977785
11.167635
3.921155
6.608169
12.644581
3.450384
34.682971
3.180151
-4.409383
-7.546572
7.346942
-2.025419
-8.312198
1.698682
-7.628187
-387.977819
6.442094
4.077464
1.039887
-4.557166
13.449505
9.684133
12.793873
7.369769
-0.969119
11.062537
12.635551
0.363799
0.013279
1.808934
8.921816
-436.786544
-5.279718
6.041429
4.852271
16.967894
-4.620675
6.446494
-12.569363
-0.120252
10.358298
18.847509
5.576099
4.297172
6.860117
-9.079009
-1.081007
