-5.213463
5.585327
6.368073
-2.350441
3.521349
4.832874
-4.752606
3.569283
-7.381876
-1.847946
-7.662307
-1.342318
13.100551
4.225601
0.177011
-10.770568
6.805806
-9.008136
-2.927769
-4.397699
-8.273489
8.939456
4.739128
-1.297999
7.703128
-2.182512
3.686266
9.709877
-4.857668
-7.899864
-4.629965
-1.335208
-8.349618
-0.090890
4.533116
-5.738898
-1.408014
2.800734
-20.708433
2.162038
-3.381079
-5.774236
-9.329314
7.658837
-7.206892
-8.199284
-1.229781
-0.278332
3.823968
1.624047
2.731631
-4.129723
-19.887019
3.887899
12.281848
9.582953
-15.629455
2.157186
9.937848
9.629276
-0.507591
4.950546
-5.265843
-2.347217
-2.761864
1.881271
4.079991
-7.169172
11.666054
7.664199
0.404722
6.252749
6.534626
7.057475
-8.115537
1.751589
-12.811739
1.522257
-4.794816
6.759745
-0.926525
-8.511819
2.165778
7.722780
0.078024
-1.975667
3.499043
1.247368
4.379953
-10.699803
5.568631
6.931409
6.329025
5.743459
0.565915
1.449836
-5.964497
0.973504
-8.525405
11.851938
-3.900873
4.500158
-0.164688
-4.753625
-5.945884
3.371057
-6.800215
-8.857412
-6.425636
3.469897
-9.659902
9.704600
2.527830
7.317824
-2.208402
6.681197
3.386485
-5.455698
3.006613
-7.403988
2.794686
-4.237820
8.975832
5.223937
-6.328016
4.960510
8.143587
4.452767
0.028770
4.456157
-5.532924
-3.100408
0.071949
0.101210
-2.523489
-6.917397
-7.079145
3.427598
7.510527
17.821179
-0.043458
1.572521
-3.251283
0.711686
2.628659
3.659763
-8.373298
4.840176
2.297468
-4.617760
-4.581379
-7.724105
-1.936641
-4.604359
-3.390302
-9.489233
14.441064
-7.694151
-14.033483
-2.267210
-6.236055
1.831413
5.036454
0.966653
6.107182
-3.277889
0.939484
-2.590007
-8.580385
-8.319798
-9.544793
-0.765672
0.633153
2.646192
-0.087062
3.907600
-2.613291
5.650351
2.153178
-9.197774
0.786530
-1.784572
-8.606225
-4.688289
4.303726
-1.686443
3.512893
1.145743
-3.953110
-1.836812
7.402830
-5.013921
-4.297402
-16.313247
-0.179609
-0.692083
0.039342
-4.908572
-3.374629
-5.261135
1.947861
7.666139
-0.754925
-2.913683
11.147558
8.259421
2.662717
-0.486621
12.857941
-0.831366
-7.943267
3.876104
-6.298721
7.609041
-4.412417
2.862269
10.989902
2.955226
-5.197102
-8.949733
-10.160197
-7.582200
7.031432
11.679538
-3.429141
5.290491
5.925214
6.237807
-0.452058
-1.227599
4.638801
2.324802
4.990659
2.561931
9.142794
-4.242114
-7.596417
-0.900511
-5.974956
1.328318
5.776580
-4.716383
14.269694
-1.272409
-9.159565
12.431136
1.284348
-8.510688
-3.137387
2.105417
-8.019219
2.768669
8.290128
-1.449022
-2.588281
3.554220
-5.620707
4.909689
2.713588
7.590717
-6.770158
-2.457762
9.387972
1.626276
-0.344410
-0.652494
-7.482693
5.158069
-2.789202
6.969712
7.586155
6.403520
1.626811
-0.138198
-3.564071
-0.751980
0.082650
2.432998
7.581487
10.675550
-8.500139
-5.310617
4.308936
5.565535
-19.982193
7.345420
6.113400
3.140366
4.334099
0.410352
1.889185
-7.083735
0.442214
-0.639099
11.807036
1.240088
4.717732
1.824484
4.214176
-6.078362
12.600507
-4.807704
0.722286
-2.972555
-0.649647
4.266772
7.385610
-7.134756
-6.572519
-6.671291
4.083666
1.013528
-2.311653
-12.680949
5.578444
-2.098506
-6.417461
4.989850
7.203688
-1.912631
1.584276
6.950895
-4.766366
1.631941
-1.489973
-8.183014
6.424111
5.172158
2.220397
-0.225489
-2.708986
-3.822296
-0.329399
6.820856
4.129251
-6.361476
6.078792
-6.026846
0.243376
1.198828
-2.311417
4.135315
5.817704
8.193125
2.539537
-7.764254
-2.925474
2.677871
-4.143526
3.483573
1.955423
6.664827
1.121284
-4.830857
-8.031907
-13.855679
-9.558608
2.608262
-3.357420
-11.795018
-0.933885
1.181262
0.378614
-1.364987
-3.960243
-0.886556
-0.496384
11.080924
6.965909
21.992995
-2.295305
-1.108683
5.987710
6.933833
1.148724
-1.689482
6.310892
2.225564
5.189360
-2.714125
-1.863517
-5.443005
-8.224040
-6.144125
12.947196
3.588786
1.120224
11.686593
5.911540
8.035901
-6.717695
4.386056
-5.415144
6.874326
-4.526097
-5.415663
0.082086
9.175744
-0.708728
-0.725010
2.602192
-4.276612
2.476683
-2.117408
8.076428
-3.764762
2.187909
8.265512
4.169828
7.425245
-5.954770
-0.731922
5.388889
-9.545328
0.799368
3.717344
-2.848392
-0.612131
-3.883823
-1.602937
4.302256
3.307514
-10.591613
-9.224828
4.076792
-0.119989
2.353750
-9.827137
5.301214
14.496896
-4.183869
-1.864871
7.223887
3.533641
9.962523
2.643106
-2.173254
3.563370
7.419494
-8.900103
-4.388344
4.887368
-2.833827
5.018074
7.588490
10.540219
5.606736
6.084191
4.931017
3.892764
-0.112113
8.611440
2.371097
-6.794960
-9.683698
-4.883600
2.377006
10.190386
-0.306745
-2.857467
-7.248314
5.122064
-5.597497
-1.134298
1.177475
-2.445517
2.592957
-9.267328
2.990910
5.119654
1.656191
1.882548
-2.554286
0.455552
-5.494177
9.473836
-1.660571
-2.178727
-3.600790
-3.634597
-2.129806
8.020692
-12.386452
0.797164
-5.278796
-0.170275
-7.826613
7.991985
-2.725875
-6.423220
7.015379
6.116648
1.653719
-0.033311
-5.211731
-3.076666
7.095735
-7.676684
-2.006013
5.338365
2.161701
-4.317095
0.010815
-0.637620
-2.155268
2.806731
-7.406683
-6.144826
6.218667
-0.360237
0.754018
-0.896173
-1.626731
1.459734
2.651080
-9.779270
9.953981
0.619280
-15.052473
-0.808165
-3.143073
6.869495
7.861891
-6.591171
-7.693345
-9.429942
-1.158012
-1.242170
9.422174
5.014699
-8.716330
-2.537715
-1.667017
-8.331121
-2.919684
-6.616456
5.959681
-1.494439
5.312941
8.086404
8.396221
1.683996
7.365323
1.969585
-5.627966
-1.167102
2.589806
-1.610662
-19.973135
1.841706
10.708936
-1.532951
-5.165036
-6.035941
6.663165
2.754866
0.494607
4.609261
0.753004
3.397849
-3.158435
7.588365
-0.688498
-3.568762
1.876885
-4.219326
3.691426
13.772715
8.753933
-8.033772
0.037708
5.799453
7.303073
-3.169389
6.301928
-3.213401
-8.235090
-1.629661
1.048984
6.332285
1.008411
-0.789204
0.214990
-3.621323
9.030678
7.940853
-14.448944
-1.720840
3.876311
3.312381
-3.881212
4.539194
-10.400592
-1.087190
2.093533
7.385598
0.941852
3.176153
-8.575318
-6.945104
6.989493
-6.704507
-2.600086
-6.338745
-1.121805
-1.145381
10.973493
7.012335
3.925113
-0.109506
6.859776
-0.316585
0.084923
-8.121028
-0.918781
-21.049153
16.880851
-5.160211
3.565929
-2.614975
0.667046
-2.902163
-0.403863
-3.404308
4.637297
-4.604076
6.406469
8.149193
-1.280338
-8.951228
5.000510
0.884481
6.756129
4.750196
-0.624062
-2.641076
-4.041296
-6.149521
-6.847122
-0.451101
20.132949
17.432848
0.580937
-4.572973
0.404361
-2.074268
3.499393
8.506913
-7.947665
9.121677
-9.630278
-7.524746
3.836882
1.401040
-7.237999
4.313671
-3.936233
-9.063294
-0.358622
-0.356760
6.222213
4.319942
3.335308
-16.058407
9.055177
7.333770
-9.187254
0.436739
-3.766678
-7.156642
0.094984
-1.972642
5.078144
-2.583067
1.253689
4.930931
-9.919411
-3.995955
-0.022059
-3.200923
-6.400189
9.822357
-4.237645
1.012234
13.497293
5.665576
2.192304
-0.270706
-3.327288
-0.634589
9.720948
-1.040607
-4.503438
-2.712248
-12.435744
-0.157723
-3.506810
-5.690043
-0.803541
-5.287817
1.168578
-0.587391
15.564122
5.565124
13.173577
4.363390
-5.563789
0.318497
-1.155345
1.401391
0.204459
3.157540
8.708729
5.410014
-1.778356
4.287751
-11.925336
2.416712
-8.069169
-9.205147
5.651294
1.122677
7.815149
-1.839538
4.685631
1.332627
-6.429826
-8.782332
-6.372246
-1.887659
-4.084627
-6.428328
-2.463186
4.663599
4.123239
-0.463247
-5.071568
1.729158
1.979268
1.497587
-6.318560
11.826268
4.645068
0.990370
9.481972
-10.391324
-3.256743
-1.903568
3.119339
12.045320
-4.027181
-5.749732
0.198167
-8.407358
-5.984252
7.446643
0.826757
-5.092563
-6.336812
-3.016677
3.549831
-8.127779
-2.236261
-7.231050
-2.201570
-7.351660
2.359129
2.686953
9.479218
-0.133840
-4.468884
1.473372
12.556543
3.576304
0.252476
-3.107985
-2.548442
-2.307836
2.499473
5.061872
2.881023
-2.559061
7.321788
6.855918
-11.541155
-6.079266
-12.030666
-2.647362
10.012369
6.529304
7.839289
2.849268
-8.329428
-1.177138
-5.752572
-3.751659
-8.943842
7.091570
1.576103
-5.124769
-3.143456
7.900948
5.163689
-2.386493
9.639574
-2.275797
9.071214
-2.189812
2.919997
3.539217
-6.759186
-1.196341
-4.234952
-4.243919
1.550160
0.575425
-4.949546
-4.190962
-0.767105
-4.313465
-6.354076
-6.725372
-9.646089
2.036315
4.663244
9.702444
6.401685
-1.768710
6.116741
-3.610425
6.118514
-9.791978
3.836112
-0.942311
-7.030263
0.487098
-0.897883
0.322903
-7.225629
-9.522856
4.028706
-0.130560
-3.295639
3.031915
-6.212785
0.057943
3.058946
3.611559
-11.230005
-8.042640
-2.674705
9.649411
2.590447
-0.283866
-5.790271
0.296880
1.619710
-1.014520
5.523590
-4.127993
2.243615
-9.014796
-3.074879
0.799255
-0.729178
-7.662886
2.313794
-0.063840
-9.657950
0.678218
3.958028
2.801951
-8.543793
-3.499268
4.335864
-2.543798
0.489011
-7.168993
-7.993951
-2.494614
0.820774
3.908545
-6.673773
-4.805060
-1.311157
-4.256771
-1.162069
-6.211427
2.400596
-6.614287
13.279471
9.003626
-0.347026
0.829340
1.875807
10.360405
0.668060
1.148680
7.787094
2.817580
-2.270696
19.069344
0.037980
0.926489
1.104135
5.370138
1.850585
6.917481
-8.177039
5.968245
9.255283
-0.885236
6.289456
6.045429
-2.702910
3.265735
-1.435346
3.999074
-2.819009
0.945786
4.535566
-4.756081
-1.974147
0.914466
-1.461396
0.474071
8.875012
5.589429
0.332525
1.872657
3.580868
-3.430728
0.076397
2.343058
3.969689
-8.883504
-5.215765
-1.944925
6.597708
-4.868046
6.655278
-1.392294
6.919341
9.685777
-0.612889
-0.728045
-2.980398
1.643248
1.144532
-3.318088
-3.074208
-8.614451
-8.765714
-1.914262
3.492509
-7.990358
-4.716520
10.215514
-1.019233
-7.773350
-5.982658
-1.006838
-0.572360
4.319655
1.724800
-4.933638
-1.875123
-3.392716
5.716677
-5.143580
1.740273
-4.451528
-0.047613
-8.069844
-2.852534
4.378362
-12.409000
9.222926
0.667690
7.407942
15.723758
3.690027
5.498941
-9.221366
-5.864982
9.534087
1.068330
14.972447
-4.977060
4.737951
4.815406
-6.689335
20.064020
4.893693
3.698998
-1.468978
3.969798
5.283499
6.363439
-6.906004
-2.775975
-10.820557
-9.271481
-2.322321
3.952009
-2.941896
-6.276203
1.843406
0.202769
6.821087
5.732779
-9.020362
-6.085558
4.368397
6.045407
-9.844893
-3.326989
8.612226
-9.853571
-7.034765
-4.877003
-14.139616
5.299280
-9.618881
6.188596
-4.714517
-4.853281
-2.607554
-4.192105
5.115238
3.756371
-4.567725
-3.405640
8.140801
-3.688047
9.682604
2.398053
-3.587732
-5.062123
3.995714
-7.138124
-6.871135
1.643252
-4.529116
-6.573551
2.992692
8.048618
-7.529735
4.623746
-2.880942
5.222429
1.298506
-0.212614
-0.282758
-1.799922
5.101028
-5.850413
-2.492314
2.664110
2.461218
2.245450
-14.102910
4.211395
-2.714575
1.702132
2.267904
0.486045
1.130533
-12.939295
-2.354300
7.893264
-5.601689
6.489899
1.502737
-0.666027
-4.469836
7.615447
7.166647
-1.386967
-8.218869
0.211755
-6.670992
2.451693
-6.907865
1.065794
-16.140454
1.093562
-7.602874
-4.300747
-10.403173
-7.824100
-9.270597
3.382190
8.583047
-3.128050
-2.874739
7.568756
-7.690269
2.124727
-8.726912
2.070185
-5.729581
0.098783
-4.264779
3.246504
-6.997037
-6.631217
-4.216698
-3.017005
-0.578198
-1.749279
5.329858
10.336433
-8.633422
9.013089
-3.298024
5.570794
3.292483
0.562115
8.732794
6.852362
-12.734344
0.629662
-3.543461
-11.010436
0.456886
-8.954683
1.265615
-8.125565
-2.105014
6.858313
-2.237959
-10.402695
-1.236754
4.500790
6.101820
-10.399075
-7.977344
2.149545
4.339488
-3.303253
-6.932722
-3.297240
0.375573
12.768303
-2.561092
-1.020094
-0.170100
-2.011015
-7.169521
12.579418
7.292211
-9.449766
0.856528
3.059112
5.674105
-3.965445
-5.822969
-5.698381
-7.420175
-5.792853
1.077812
-6.304864
0.875652
8.373155
4.510294
-3.149650
-3.213530
11.531125
10.949183
8.153174
-4.825664
8.035311
-8.620593
-0.974190
-6.923708
-2.969295
-1.342919
2.648985
-1.773771
-12.092060
-5.933511
-1.433953
7.119687
3.275451
-3.680142
-0.414823
0.667427
0.128967
-4.033734
7.709178
-6.554087
-4.390879
-2.769261
-1.499802
-12.298263
-0.800183
-9.038627
-5.224514
-5.568131
2.450268
9.756273
7.708933
-3.276215
-7.769436
0.130911
2.797025
6.842150
-4.102624
9.829635
-1.320413
13.628419
6.957352
3.665137
-2.065083
2.745559
-1.926167
-5.970169
-5.148279
2.604939
1.250016
21.821595
-12.215702
6.451633
-3.683137
9.823204
7.338142
2.579742
-0.728516
7.814592
7.272154
2.439371
-10.263211
0.919437
-2.712267
10.294817
-3.810949
2.517396
0.666799
12.918184
6.455418
6.777809
5.832282
-12.440519
1.418278
-3.825618
-4.832399
1.076186
4.866689
-5.470727
1.856638
-3.716022
-3.628023
1.704575
-9.836521
1.298198
9.486354
4.182081
5.113212
-1.510621
2.238621
-3.798046
-2.780375
-3.511634
-8.693938
-2.477605
-2.645025
-2.067090
4.098360
7.910054
-3.705371
-6.350623
12.713897
-6.210334
-1.135714
2.598482
1.358931
3.344988
-1.747622
-3.002723
-2.600317
-9.535281
5.928330
7.633381
-10.148399
-0.391665
10.131872
5.517689
1.382107
11.667557
-1.404473
-0.298114
-0.063942
4.363064
4.739052
-4.549724
-6.608876
-1.431756
-4.033129
7.402049
-8.744746
1.209365
-8.848312
13.299515
1.207508
-7.776926
8.814870
3.894346
-5.828161
9.482780
0.977956
7.702487
-4.641266
-8.439243
5.537212
0.271011
7.228959
5.010925
8.251749
-5.508597
-11.379846
1.464817
5.240821
0.064522
-4.285920
9.819739
-1.581336
-6.379273
13.284523
1.079950
-3.408235
2.271982
2.897875
16.749329
-10.921099
13.328592
-5.258958
-8.077647
-1.876087
0.848525
-0.259202
-2.242518
3.799703
-4.565066
-4.308716
-8.117818
2.293142
1.293244
9.908563
3.973629
6.377156
1.184171
-9.976001
-5.114985
-2.485994
1.135428
-1.807464
0.468827
-1.207998
1.657251
-3.205946
-3.955808
2.469749
-5.212287
-4.890285
14.911131
1.813631
8.326799
-0.933797
-5.411699
-3.169032
11.418118
9.659849
-12.414524
0.811769
-6.905074
-5.396305
-6.390419
5.324300
4.025312
-14.848534
-1.597643
0.200878
-4.136622
3.889933
4.577934
-2.298462
-3.759968
6.410037
7.157740
-1.383425
6.477952
3.668756
-7.273413
-5.970057
-5.705339
-4.016853
0.209794
-8.636051
6.448451
8.326639
1.176769
30.039310
5.134843
-3.582655
6.856350
-8.866186
9.977735
7.260812
-6.375908
2.002976
10.876107
-1.306756
-6.793483
-2.290080
1.473510
-12.951521
3.312716
-6.865313
1.937509
15.504335
-0.819358
-4.327680
6.496370
-1.163936
4.735616
5.629111
-0.566240
11.040299
-6.297227
-5.896874
-12.368683
-8.524930
1.987020
-1.091757
-4.859800
7.890249
13.131082
4.992164
-8.711867
1.676843
-2.244830
4.589211
3.483920
2.662648
-14.520147
4.990881
-2.153373
7.151771
4.654959
-3.874313
3.571068
-2.861920
4.706364
-7.401907
2.771564
-0.037060
-5.765159
-7.323234
10.524412
-2.620812
-6.543082
4.683870
3.161602
10.488781
-9.236447
1.342874
-2.496854
0.138665
-7.247597
-8.696580
2.492056
-9.048389
-0.636103
-7.580306
13.081506
16.444746
-2.633225
3.311797
-2.012095
1.296220
-7.258028
7.330325
7.518079
5.911522
-3.839490
7.084910
6.566652
-8.167182
1.861426
-5.079923
9.745262
3.595921
-5.040212
-6.564492
-8.914737
0.438750
-1.496106
3.035253
0.151046
-8.703008
4.515192
-1.919804
-5.976151
4.017748
4.124298
-10.382524
4.316618
-8.748877
-1.041715
4.578555
-7.815266
0.758839
-1.324868
7.271073
0.306655
3.326408
0.815442
3.442759
0.921802
-8.691304
-1.594286
6.251539
-1.505986
-8.959089
-3.533785
-7.857218
-13.814559
-2.465781
0.012741
13.711498
-3.868901
-1.539616
-26.979803
5.096565
-6.268999
1.028413
-39.834691
-1.422737
2.176030
4.876724
4.481982
3.708619
-10.942364
-6.287249
3.579219
-2.100961
4.215333
1.793419
3.810495
-3.477414
-2.373973
-3.421044
4.062057
-1.816777
-5.170804
-1.534882
2.251531
-5.339853
0.427156
4.699940
2.253381
4.788272
3.396833
-1.048358
2.188530
14.487434
1.601773
3.207224
-0.976061
-3.080325
13.240246
3.164169
7.068238
-2.088984
3.310994
-7.668649
-2.531539
5.162913
0.342640
-6.415810
-3.118402
9.679934
2.622828
3.340392
9.865705
-0.391080
1.345287
-0.451634
-3.789765
-0.368318
0.292645
-0.646981
-7.229394
0.482466
1.490520
1.138313
6.946290
-2.751105
7.885463
-1.894871
-10.196197
-7.927914
3.526298
7.997260
7.024904
2.403141
7.331837
7.899223
-4.576682
3.156170
-6.593644
0.672740
-4.689016
-8.057909
6.525014
2.648416
-7.190013
1.865206
4.473276
-6.487645
6.789200
8.957804
-7.834654
19.072240
-9.392723
1.681237
4.698160
5.160742
-2.133723
-6.857836
0.495605
5.927963
7.249447
0.329449
-12.491318
10.986950
7.445831
-4.215711
-9.242512
1.091458
5.004765
-6.048049
5.772201
-10.807302
-2.872311
0.734350
-0.876928
0.266397
-3.685487
-7.282348
-0.607111
-9.506612
-2.718131
0.324179
5.343493
-5.725876
-0.867143
-5.856078
-8.735660
-2.132858
5.405759
-3.630912
2.491871
6.712557
-5.622200
-5.642272
-0.162864
2.549461
-3.274749
-3.065424
-1.590400
-4.154488
-4.229526
-2.423545
3.379886
5.297497
2.036053
5.109358
-3.759867
3.639287
5.502146
4.320119
5.519272
2.971045
-0.539693
5.875981
-5.257191
-7.203566
0.208821
-3.950828
0.195036
0.528803
0.754189
-5.970684
-4.388784
-2.474989
5.168064
2.304292
2.273357
8.348542
2.791809
2.800401
-6.300678
6.624623
9.913260
-6.414002
7.851648
0.345754
-1.328700
2.289900
-2.597538
-8.088116
2.179431
3.216299
-0.193080
3.860535
2.737297
-4.080393
0.451229
-3.151330
-3.062031
10.650296
-0.353448
-2.654713
5.525636
-13.463416
-3.024819
3.062281
2.586417
-1.807891
5.350823
-3.876548
-4.844728
3.403748
-3.650917
-3.783405
8.158704
-10.233190
7.074460
-2.525723
-4.073445
2.771943
-6.098141
4.686031
6.278807
-6.040425
13.490378
7.678987
-1.071748
3.407726
-1.504011
-14.510668
-4.006284
-15.083265
-1.217776
2.758081
-2.075264
-1.924868
5.447040
-6.166540
7.823002
9.406354
-0.443380
-7.253286
1.157629
2.435234
3.615279
-4.044496
6.838404
1.803053
-3.812776
-7.975968
1.266706
