0.968175
-0.520933
0.483909
0.130865
-0.217613
0.383377
0.775659
0.948618
-0.988286
-0.901975
-0.166237
-0.525717
0.626604
0.038793
-0.776722
-0.821301
-0.429848
-0.694249
0.566370
0.109782
0.905192
-0.303768
0.116678
0.064365
0.999429
-0.943595
0.224797
-0.388507
0.914357
0.060000
-0.007204
0.445619
-0.578993
0.936181
-0.655587
0.458972
-0.575088
-0.127276
0.026664
-0.292607
0.898062
-0.854724
0.221717
-0.817450
0.671409
0.608229
-0.994601
-0.141058
0.199069
-0.124938
0.161846
0.545750
0.102506
-0.833829
-0.087981
-0.710106
0.513688
-0.236950
-0.063271
0.157313
-0.904870
0.487602
0.177480
0.781236
0.583914
-0.178944
0.594661
0.272276
-0.865158
0.178570
-0.466706
-0.304425
-0.827618
0.044987
-0.166956
0.380129
-0.249277
-0.042970
-0.597404
0.420946
-0.106178
0.348007
0.937877
0.480393
0.811342
-0.283415
-0.343153
-0.019813
0.118142
-0.828933
-0.991704
-0.988702
0.941541
0.200430
0.823437
-0.246957
-0.521788
-0.457389
0.921013
0.679612
-0.536516
0.293098
0.635348
0.084697
-0.733103
-0.918041
0.028795
0.745710
0.320249
-0.321501
0.360879
0.702935
-0.339599
-0.605141
-0.369594
0.415960
-0.080401
0.811851
-0.862872
0.057118
-0.834817
-0.887105
-0.463772
-8.483920
0.463501
0.610292
-0.897383
-0.137678
-0.574192
0.223065
0.951740
0.338554
-0.643121
0.408859
0.788873
0.633639
-0.213881
0.857911
0.631219
-0.417152
0.665240
-0.361737
-0.437261
-0.216249
0.024915
0.780707
-0.937193
0.936562
-0.485015
-0.357881
0.439228
-0.765483
0.627304
-0.320189
0.365299
-0.672438
-0.410233
0.992438
-0.148952
0.626565
-0.609716
0.054710
-0.056096
0.160488
0.712949
-0.280243
-0.950208
-0.644505
0.770157
-0.417300
-0.752512
-0.906601
0.977391
-0.051108
0.491266
-0.424109
-0.452377
-0.022132
-0.322715
0.433424
0.371176
0.557212
0.522930
0.105080
0.101478
-0.761717
-0.591871
-0.850559
0.328984
-0.758958
0.219761
-0.003587
1.057478
0.490464
0.339865
0.342637
-0.414680
0.261360
0.103537
-0.675743
-0.627609
-0.520312
0.152330
-0.271174
0.594569
0.614016
0.074244
0.388630
0.148258
0.501552
0.198992
-0.511832
-0.756378
1.011297
-0.696881
-0.135818
-0.462933
0.736290
-0.966446
0.254745
-0.831197
0.118072
-0.323872
-0.377348
0.541448
0.705403
-0.611578
0.053848
-0.508421
0.635540
0.470893
-0.647706
0.773166
0.886868
-0.404252
-0.082237
0.204891
-0.841956
-0.535516
0.250736
-0.937758
-0.798583
-0.920300
0.233226
0.140388
-0.392865
-0.632701
0.168711
-0.125300
0.855902
-0.286000
0.501272
-0.197977
0.730967
0.926110
-0.196751
0.059779
0.304682
-0.685296
-0.589483
-0.472567
0.285603
-0.454183
0.822101
-0.459063
0.695360
0.932185
0.716054
0.471935
0.146752
-0.189995
8.020849
-0.707357
-0.796081
0.825983
-0.345394
0.178158
0.481300
-0.138798
-0.631457
0.340527
-0.110885
-0.875263
0.813731
0.621250
0.610928
-0.303543
-0.052554
-0.098242
0.887251
-0.192646
-0.744465
0.102230
-1.175464
-0.402963
0.218794
0.048417
0.563141
-0.580476
0.779964
0.751521
0.642017
0.215305
0.852445
0.469746
-0.483167
0.528071
0.608162
0.612336
0.367641
0.461691
0.311705
0.140203
0.627542
-0.012922
0.111943
-0.650188
0.641223
-0.401424
-0.033901
0.129872
0.409239
-0.808590
0.086243
-0.353204
0.336583
-0.828351
-0.610040
0.076065
-0.782580
-0.289651
-0.920292
-0.626497
-0.589585
-0.474070
-0.358306
-0.523062
0.740365
-0.459930
-0.699001
-0.113989
0.455024
0.094583
0.350370
0.613056
-0.515961
0.245276
0.197539
-0.494817
-0.578595
0.902926
-0.330632
-0.674374
0.338983
0.385133
-0.118486
0.468166
-0.636173
-0.947282
-0.718125
0.649382
-0.529815
-0.206040
0.607677
-0.136441
0.683384
0.249160
0.959962
-0.231696
0.586864
-0.313923
-0.902407
0.305878
0.360666
0.170240
-0.978507
0.854040
-0.539187
-0.492257
0.814221
0.277566
0.910511
0.741181
-0.899208
0.170853
0.377169
0.774384
0.722765
0.413093
8.014306
-0.629342
-0.906965
-0.268772
0.654067
-0.919600
-0.839269
-0.403644
0.309770
0.734323
-0.771861
0.578496
0.013155
-0.323654
0.145899
-0.821633
0.757829
0.680622
0.735739
0.594528
-0.641047
0.177081
-0.597772
0.340699
0.254125
0.870535
-0.826247
0.325536
-0.140654
-0.310961
-0.348438
-0.334012
0.639113
0.302611
0.339467
-0.451810
0.650453
0.589272
0.963280
0.343181
-8.503476
-0.072686
-0.623754
-0.433271
-0.059650
0.550568
0.065122
-0.294244
-0.353414
-0.677112
0.330727
0.810210
0.383805
0.185928
-0.015899
0.639813
-0.484491
-0.691470
0.735101
0.601169
-0.498763
-0.959669
-0.803017
0.430248
0.052383
-0.001046
0.466894
0.480602
0.587136
0.750271
0.368724
0.280871
-0.221893
0.765264
0.037603
-0.431881
0.424382
0.079117
0.664417
0.174682
-0.645091
0.871645
-0.821036
-0.015728
0.735724
0.641325
-0.664329
0.599115
0.411517
0.925100
-0.533871
-0.669718
0.868654
-0.634624
-0.612690
0.801350
0.659304
0.030057
-0.645997
-0.050203
0.118043
0.986290
0.676457
-0.242071
0.131776
-0.175010
-0.381971
-0.966527
-0.295815
-0.280194
0.392365
0.875185
0.166069
-0.709545
0.702309
-0.099593
-0.221378
0.640531
-0.782206
-0.016423
0.312780
0.124791
0.916992
-0.204968
-0.996386
0.769603
-0.872208
0.728597
0.765755
-0.092599
-0.676733
-0.624897
0.673795
-0.471841
0.419747
-0.460234
-0.620995
0.276727
-0.666061
-0.820278
0.404021
-0.437411
0.444104
-0.941784
0.766308
-0.279633
-0.918047
0.735010
-9.649763
0.236520
0.776755
0.202996
0.014735
-0.424864
-0.477149
-0.514894
0.935724
0.148020
-0.717976
0.338589
0.003993
0.151427
0.602014
-0.268014
0.369377
-0.368702
0.021491
0.626778
-0.667449
0.167481
0.220617
-0.926986
-0.925713
0.688517
-0.558851
-0.752421
0.595236
0.179482
0.248746
0.729641
-0.782434
0.734460
0.139207
-0.290585
0.287535
0.191340
-0.874125
0.268885
-0.895229
-0.810701
0.408937
0.712220
-0.428386
-0.986480
0.644344
0.304079
-0.748342
0.908620
-0.749092
0.500210
-0.436245
0.733638
0.369770
0.748412
-0.740221
-0.489374
0.184186
0.443862
0.828029
0.440480
0.848673
-0.448023
-0.275030
-0.669207
-0.576936
-0.168968
0.729363
-0.538869
-0.467501
-0.808260
-0.768971
0.137334
0.465578
0.508321
0.512082
-0.544708
0.670895
-0.993229
-0.947293
0.913903
-0.123585
0.616951
0.831359
0.761428
0.076335
0.996861
-0.713576
-0.633036
-0.933644
0.322384
0.602067
-0.780901
-0.221862
-0.757022
0.640536
-0.827856
-0.777400
0.391833
-0.888148
0.446524
-0.101188
0.397059
-0.256554
-0.084234
-0.872937
0.443000
-0.189998
0.084926
-0.265980
0.195110
-0.664062
0.830787
0.096055
-0.087962
0.984238
0.874932
-0.981971
-0.495890
0.074020
0.225954
0.027406
0.564805
0.885364
0.675905
-0.830276
-0.742365
-0.380929
0.596212
0.785868
0.208399
0.331001
0.357715
0.621006
0.616776
0.093171
-0.275577
0.922271
-0.057090
0.033714
0.269158
-0.664998
0.528436
0.365279
-0.522083
-0.143106
-0.832563
0.491895
0.235664
-0.785809
-0.582739
0.745592
-0.688281
0.555911
0.820425
0.557357
0.375208
-0.839351
0.646242
0.301685
0.163999
-0.440796
0.709610
-0.200117
-0.832139
0.030745
-0.831470
0.051391
0.397466
0.338610
0.125221
-0.429521
0.020845
-0.497307
0.073056
0.764207
-0.675340
-0.849643
0.247747
0.527945
0.625080
0.406997
0.906786
-0.925629
0.016732
0.660047
-0.183458
0.234390
-0.223784
0.262336
-0.727533
0.508864
-0.222864
0.706407
-0.074273
-0.446891
-0.546574
-0.055548
-0.316049
-0.722502
0.154401
-0.277219
0.008093
0.554980
-0.933371
-0.228453
0.788517
-0.385089
0.619066
-0.962841
0.949230
-0.048718
0.104113
-0.705154
0.136816
-0.100081
0.799547
-0.311099
0.689229
-0.663844
-0.523549
-0.121616
-0.105017
0.310964
0.071648
0.035245
-0.685004
-0.703550
0.003656
-0.173884
-0.529171
0.941924
0.562908
0.548219
-0.562417
0.547096
0.030994
-0.403797
-0.107410
0.879470
0.247756
-0.441071
0.517992
0.386277
-0.442304
0.455945
0.559777
-0.091430
0.400075
0.833642
-0.223859
-0.438520
-0.981495
0.466100
0.103509
-0.973991
0.296203
-0.395531
-0.445772
-0.976103
-0.557135
0.182389
0.897013
-0.473307
-0.534197
0.387624
0.802507
-6.478322
-0.060342
0.833941
0.946343
-0.886011
-0.066457
0.067851
0.204368
0.650504
0.579990
0.246212
0.839036
0.555908
-0.217123
-0.985390
0.335138
0.234390
0.023544
-0.607438
-0.527215
-0.322572
0.010362
-0.195927
-0.147421
-0.474562
0.204519
0.067038
0.969474
-0.413585
0.422487
0.761360
-0.435426
-0.411309
-0.888473
0.761898
0.269604
-0.172725
0.991139
0.903001
-0.269336
-0.339512
-0.513066
-0.750154
-0.962390
-0.179896
0.147965
0.329006
0.785186
0.620463
-0.054498
-0.932661
0.981726
-0.059442
-0.199927
-0.548252
0.625555
0.476025
-0.313738
0.975120
-0.999016
0.258723
0.380042
-0.765611
-0.725791
0.776566
0.551228
-0.268163
-0.148972
-0.233263
-0.082690
0.665638
-0.267409
-0.339127
-0.127103
0.552420
0.191721
0.734704
-0.510306
0.206229
0.149300
0.836040
-0.330380
-0.889349
0.870581
0.018179
0.161860
-0.097137
-0.322890
-0.420897
0.860823
0.414407
0.565306
0.023709
-0.460854
-0.621096
-0.769677
0.968254
0.266560
0.272145
0.204958
0.305591
-0.165075
-0.963428
-0.891579
-6.635476
-0.830975
0.250719
0.207295
0.569981
-0.336647
-0.475306
0.175546
0.260227
-0.483309
0.461898
0.570413
0.501522
-0.406400
-0.050910
0.603881
-0.972923
-0.848577
-0.416753
0.707689
0.647330
0.561878
-0.749307
0.209878
0.637506
-0.477749
-0.092585
-0.851855
-0.923359
-0.164859
0.584191
0.439770
0.390367
0.583788
0.215687
0.380198
0.111291
0.238619
0.124293
0.527767
-0.999794
0.767804
0.689056
0.458495
-0.603623
-0.432026
0.633741
0.850948
-0.603734
0.173504
0.145387
-0.053076
-0.314674
0.262801
-0.714259
-0.187718
0.796425
-0.681727
-0.797028
0.773029
0.049758
0.673528
-0.805877
-0.866432
-0.963976
-0.909509
0.839611
0.615135
0.509691
0.118410
0.258762
0.766832
-0.870257
0.453632
-0.057741
0.858837
0.606177
0.019986
0.323562
-1.148680
-0.420354
0.645042
0.151049
-0.634663
-0.371316
0.201003
-0.073824
-0.039876
0.779157
-0.591693
0.879120
0.631747
0.826223
-0.369425
-0.799693
0.892640
0.459859
0.636121
0.621585
0.795189
-0.656775
-0.396642
0.360461
0.116170
-0.278075
-0.264874
-0.384722
-0.544592
0.629691
-0.361718
0.892724
-0.694931
0.538121
-0.751209
0.620484
0.336911
0.724625
0.500626
0.723073
-0.744375
0.180929
0.283150
0.944696
0.338870
-0.290029
-0.189759
0.150452
0.223049
-0.127114
-8.925772
-0.432097
-0.446562
-0.061707
-0.790817
0.016240
-0.591735
-0.294192
-0.912199
-0.676567
0.650691
0.137715
-0.671895
-0.487140
-0.330329
0.750024
-0.562714
0.437038
0.424803
-0.205177
-0.301232
0.933973
-0.434185
-0.651721
0.913220
0.348555
0.883781
-0.639446
0.696414
0.839478
-0.089234
-0.215051
0.496483
-0.585405
0.482779
8.680634
0.371671
0.857002
0.167171
0.911229
0.639267
0.356415
-0.518246
0.000317
0.000899
-0.377993
0.688309
0.765509
-0.174878
-0.226643
0.309692
0.071584
0.632867
0.308631
-0.537190
-0.480911
0.045878
0.545111
0.497798
0.947223
0.208570
-0.094177
0.542851
-0.937392
0.324078
0.598253
-0.880046
-0.090088
0.860012
-0.569876
0.457359
-0.656875
-0.720209
-0.515112
-0.232432
0.301042
0.610640
0.907175
0.323477
0.684037
-0.959169
-0.156732
-0.311082
-0.078196
-0.396331
-0.066463
0.012087
0.819697
-0.423903
-0.002509
0.782668
0.580148
-0.139398
0.584217
-0.922350
-0.570053
-0.904899
0.055152
-0.188538
0.815620
-0.151323
0.772310
-0.944549
0.611728
0.449401
-0.533720
-0.385194
-0.838651
0.833613
0.709017
-0.438336
-0.081096
-0.958172
-0.439846
-0.250261
0.488229
-0.043202
-0.552977
-0.179914
0.301972
-0.058441
0.456883
0.348846
-0.201375
0.595982
0.321291
0.523949
0.862735
0.199454
-0.857192
0.175369
0.920308
0.304675
-0.429306
-0.265111
0.688714
0.436430
0.969070
-0.800639
0.311925
-0.370926
0.400154
-0.205600
-0.435400
0.291556
0.100922
-0.821555
-0.934457
-0.313248
-0.469626
0.438517
0.115926
-0.944694
0.241602
-0.145558
0.901763
0.739980
-0.120205
-0.144037
-0.077167
-0.303086
-0.476558
-0.329437
0.760933
-0.252104
0.991408
0.379359
-0.913898
6.090516
-0.913974
0.707579
0.036110
-0.736439
0.722054
1.973524
0.570841
-0.986084
-0.474182
0.578436
-0.801468
-0.332505
0.879248
0.731985
0.040857
0.260326
0.382596
-0.880694
-0.487024
-0.417729
1.171074
0.658969
-0.539074
0.101920
-0.475151
0.386197
0.981193
-0.897202
-0.367877
0.568406
0.921715
0.242339
0.966364
0.164862
-0.876589
-0.127412
0.307187
0.411165
-0.051095
0.358132
-0.501693
-0.871577
-0.337172
0.654092
0.808353
-0.158835
0.690786
0.758237
0.272213
0.104122
0.823722
0.595034
-0.038093
0.344122
-0.670271
-0.099688
-0.808661
-0.546967
-0.215777
-0.899844
0.548002
-0.240412
0.560129
-0.029193
-0.285162
-0.063761
0.134452
-0.845942
-0.978874
-0.596907
-0.602952
-0.000387
-0.843758
-0.059693
0.506700
0.848826
0.039675
0.449071
-0.590386
-0.281350
0.789097
-0.412503
0.368966
0.959309
-0.312678
0.658526
0.198934
-0.125316
-0.124150
-0.893433
-0.270998
-0.331593
0.854743
0.902786
-0.883341
-0.393534
-0.311905
-0.850638
0.936556
0.847354
-0.066840
-0.901266
0.378463
-0.431097
0.202595
-0.204584
0.422749
-0.896079
-0.983673
-0.573659
-0.437391
-0.904724
-0.623869
-0.449847
0.599547
0.348168
0.789854
-0.529883
0.965339
-0.609731
0.275029
0.885607
0.062312
-0.650128
0.225101
-0.968799
0.352369
-0.833753
0.549369
0.633906
-0.024648
-0.721322
-0.960003
0.394947
0.793687
0.849847
0.637202
0.686957
-0.093514
0.175783
0.727312
0.871135
0.273818
-0.310941
0.110765
-0.819759
-0.200445
-0.888277
-0.513633
-0.888421
0.931928
0.716782
-0.596257
-0.604848
0.986816
0.910283
-0.541750
0.013552
0.794848
-0.001992
0.720358
-0.452304
-0.587015
0.051728
-0.327585
0.039765
0.335928
0.181020
0.708671
-0.870832
-0.865226
0.445473
-0.700010
0.300403
-0.136350
-0.903049
-0.438958
0.291770
-0.225797
-0.948151
0.919925
-0.978498
-0.958438
-0.538097
-0.457750
0.513816
-0.118200
0.380308
0.991338
-0.212642
0.119205
0.284073
0.823393
0.487030
0.969803
-0.852084
0.279957
0.052506
0.592314
-0.432812
0.137832
-0.777444
0.900853
-0.642705
-0.963732
0.366522
0.306653
-0.578194
-0.687361
0.557922
-0.018032
0.126359
-0.493686
-1.253328
-0.772350
-0.629668
-0.792597
0.321631
0.328584
-0.959242
0.978414
-0.229321
-0.891703
0.420276
-0.605758
-0.416619
0.336860
-0.885861
-0.710599
-0.207416
-0.304251
-0.420500
0.013825
0.901572
-0.524280
-0.417443
0.287257
0.697737
-0.327189
0.820587
0.222068
-0.713041
-0.333028
0.601548
-0.117181
0.509678
0.245354
0.771542
-0.400680
-0.075331
0.183979
-0.032980
0.428096
-0.537124
-0.178258
0.100972
0.308922
-0.867832
0.951923
0.947354
-0.415944
0.603768
0.957142
0.440843
0.628146
-0.454103
0.186783
0.243693
-0.125108
-0.814831
-0.007030
-0.756569
0.737295
0.618962
-0.540528
0.895985
0.553221
-0.615071
0.728631
0.780831
0.606819
-0.875696
-0.560953
-0.487257
0.082050
-0.383391
-0.579961
0.781313
0.518967
0.979433
-0.517715
0.255275
-0.576566
0.074652
-0.074872
-0.407223
0.922613
0.033017
0.390476
-0.464507
0.318993
-0.810572
-0.323650
-0.346984
-0.088074
0.188367
0.720703
0.083055
0.450038
0.161165
-0.427108
-0.110948
0.335890
-0.048970
0.633719
-0.478386
-0.774026
0.606368
-0.378434
0.359806
0.787183
0.204634
-0.609183
0.204850
0.664605
-0.954445
0.874768
0.514858
0.747325
-0.374242
-0.266605
-0.831335
-0.211334
-0.330816
0.011353
0.891654
0.217214
-0.806557
-0.117950
0.112331
-0.983985
-0.936094
0.516815
-0.018084
-0.639422
-0.085742
0.980629
0.666215
-0.327371
-0.087158
0.526916
0.279146
0.359568
-0.769882
0.032985
-0.965821
-0.506418
-0.226981
-0.432945
-0.888542
-0.587263
0.858796
0.219542
0.301954
-0.398788
-0.732483
0.406121
-0.904370
0.464514
-0.052649
-0.615503
0.925699
0.387314
0.556115
-0.402146
-63.894828
-60.259060
-55.655660
-52.616620
-52.572571
-50.829142
-56.835048
-53.961739
-50.839827
-50.317138
-48.068394
-50.399995
-49.395322
-47.931839
-45.430878
-42.828009
-62.365408
-42.778328
-58.275340
-53.216305
-57.762178
-58.554453
-52.385889
-56.827444
-47.778555
-50.768531
-44.253638
-51.314086
-42.738330
-42.734851
-44.761654
-48.315359
-60.325173
-53.311548
-61.021015
-58.933177
-56.607703
-48.756566
-55.653145
-49.733692
-50.817477
-53.282867
-49.502711
-45.177044
-9.756516
-7.375871
-49.870992
-40.539909
14.382503
9.753962
5.382455
14.039928
14.623453
5.851683
9.125296
14.221744
7.656853
9.711710
9.754319
14.249694
9.424171
12.039973
13.258364
11.887208
14.669003
11.642153
9.811985
13.967554
12.586962
5.398911
11.882855
14.114033
11.352176
10.475988
13.040635
5.430840
14.219544
13.431464
11.419924
13.792547
11.412076
11.434840
10.645531
14.981168
8.354641
10.185043
10.407057
5.706626
12.665151
13.608922
7.412875
12.658271
14.702678
7.078620
11.005067
10.140824
1005.140797
700.065905
17.857707
13.864345
14.207994
13.991662
19.845799
15.717663
17.362032
9.919293
15.080473
6.235931
7.722373
5.786814
5.411558
3.459330
1003.888488
703.922634
18.830630
22.842330
19.180385
11.173378
13.817301
18.836568
8.227713
13.165911
8.720406
8.624577
9.290443
11.907255
2.283657
10.736791
1003.978208
703.880062
23.558903
20.132753
19.501026
19.213279
11.184235
16.037962
12.809574
9.294534
8.810505
11.550220
8.888295
3.374549
4.633899
7.561297
-499.351236
22.272204
17.793867
21.115167
15.960591
14.296455
13.902578
16.926520
15.762589
13.454106
9.505404
5.682765
12.567118
5.910718
4.749171
9.343985
-494.121840
15.446883
14.460873
21.632402
20.285344
17.137350
19.977839
11.279315
11.528340
10.633125
11.183725
10.928815
8.714728
5.288302
8.245614
10.784205
-494.816284
19.140410
15.933346
22.003686
17.971354
16.208957
16.499301
14.280190
10.726246
16.401338
7.245828
9.762988
5.007770
11.693753
10.642592
3.109275
