0.918600
0.665699
0.303181
0.658434
-0.986361
0.407883
-0.430408
-0.280805
-0.918281
0.501262
-0.040464
-0.008446
-0.079311
-0.386354
0.163863
-0.831185
0.140020
0.437194
-0.063412
-0.581136
0.000946
0.411950
0.676790
-0.517968
-0.037814
-0.385864
-0.862113
-0.096241
-0.769545
-0.261021
0.101343
-0.399283
-0.904531
-0.932243
-0.466013
0.683444
-0.736438
-0.802285
-0.666190
-0.732420
0.507768
0.746017
-0.312886
0.037815
-0.023586
0.606160
-0.764853
-0.748599
0.232233
0.572359
0.539749
0.173781
0.763350
-0.971735
-0.360194
-0.463207
-0.461447
0.746924
0.026797
-0.818630
-0.044454
0.372369
-0.165031
0.166367
-0.361294
0.258532
-0.215114
-0.001261
0.301378
-0.530437
-0.066633
0.570862
-0.344982
0.094414
-0.451535
-0.720793
0.251702
0.529997
-0.406882
0.198010
-0.431335
0.709469
-0.829113
0.509576
-0.674212
0.395497
0.029908
-0.750622
-0.948122
0.019589
0.619765
0.581604
0.260186
0.395942
0.693192
0.680134
0.939074
-0.085565
-0.260891
-0.162148
0.390184
0.360758
0.560068
0.692883
0.327988
-0.543605
-0.884347
0.216396
-0.138721
-0.127134
-0.267591
0.708285
-0.442413
0.339827
-0.279797
0.965970
-0.016268
-0.975405
0.071443
-0.554638
-0.976423
-0.607488
-0.642107
-0.551707
0.876097
-0.692953
0.615891
0.230678
0.337370
-0.467651
0.558147
-0.497325
0.152946
0.640748
0.780233
0.845925
0.786603
0.649966
-0.434331
0.514121
-0.907605
-0.280525
-0.268621
0.908526
0.589542
-0.979557
0.489715
-0.114887
-0.068310
0.385759
-0.271482
-0.138571
-0.517190
-0.206227
-0.626222
0.221491
0.874758
0.645720
-0.805461
0.925067
0.526400
0.773332
-0.031112
-0.552681
-0.352197
-0.860927
-0.544242
-0.901245
-5.095452
-0.600300
-0.878485
-0.254009
0.891161
-0.002314
0.337614
0.400233
-0.479397
0.390197
0.221809
0.424239
0.303896
-0.229786
0.135602
0.746434
-0.463928
-0.231866
0.073485
0.167162
-0.313001
-0.720884
-0.904946
0.280026
-0.234730
0.868468
0.960993
1.788838
0.282774
-0.743753
-0.170095
-0.798633
-0.075522
0.461458
0.759148
0.800841
0.267426
-0.908337
-0.983560
-0.352644
0.343731
-0.318122
-0.110982
0.976267
-0.079277
-0.939631
0.803747
0.626462
-0.455402
-0.074272
0.911670
-0.596729
-0.035908
0.132125
-0.409014
0.372323
0.333176
-0.650155
-0.822218
-0.828135
-0.925385
0.681117
0.879308
0.130971
-0.743241
0.264406
0.780777
-0.640091
-0.459544
-0.134770
-0.136215
-0.832745
0.057068
-0.060488
0.449196
-0.720678
-0.679887
-0.563648
-0.720222
0.204724
-0.205141
-0.299486
0.101577
0.350902
-0.523202
-0.956174
0.676029
-0.423410
-0.437837
0.303391
-0.291978
0.344947
0.274330
-0.053612
-0.220607
0.008381
0.706246
-0.106441
0.412335
-0.390070
0.818243
-0.958215
0.605429
-0.820695
-0.292952
-0.510693
-0.249177
0.461803
-0.040297
-0.113736
-0.157772
0.193161
-0.678571
-5.163700
0.556722
-0.331668
-0.572425
0.239861
0.688741
0.817640
-0.640021
0.137185
0.660942
0.286547
-0.148384
-0.648403
0.728047
0.069007
-0.654927
0.086900
0.515440
-0.006524
-0.070194
-0.995023
-0.316929
0.278569
-0.518569
-0.064106
0.919162
0.783916
-0.770971
-0.891069
-0.234440
-0.947058
0.503681
-0.123799
-0.093750
0.453305
0.562938
-0.237979
-0.877935
0.071585
0.740860
0.330917
0.542510
0.285943
-0.335047
0.092677
-0.799306
-0.230551
0.096029
0.460374
0.374697
0.266429
0.735436
0.086553
0.546965
0.390901
-0.738122
-0.245233
0.629787
0.549119
0.473802
0.216691
-0.862146
0.398859
0.978491
0.901551
-0.719210
0.383838
-0.916736
0.409709
0.296311
-0.358981
0.970263
0.121295
0.171267
0.744815
0.009966
-0.899502
0.302130
-0.825590
-0.919592
0.759225
0.868477
-0.757142
-0.729441
0.999363
-0.453197
-0.164139
0.278360
0.356251
-0.804012
0.301056
0.274529
-0.615167
-0.848972
-0.585206
-0.785277
-0.151582
-0.973562
0.575144
-0.099798
0.943524
-0.547142
0.534230
0.916653
0.567191
-0.875748
-0.771543
0.577868
-0.720351
0.441091
0.360420
-0.883727
-0.008307
0.333530
0.806404
0.057408
0.112774
0.793618
-0.636763
-0.250165
0.901036
-0.580567
-0.756672
0.048030
-0.914881
-0.738787
-0.311591
9.252404
0.102567
-0.464780
0.032858
-0.960797
-0.091792
-0.313768
-0.477472
0.900687
-0.178074
-0.531383
0.780150
-0.219243
0.254669
0.110689
-0.005843
0.573109
-0.997932
-0.540642
0.293663
-0.243822
-0.147093
0.440909
0.935646
-0.238051
0.479478
-0.121549
0.834700
0.796512
0.380530
0.442590
0.029479
0.638804
0.174303
0.252968
-0.786365
-0.363102
0.296165
-0.431749
-0.314442
0.148822
0.728648
-0.397329
0.840848
-0.323102
0.213899
0.726970
-0.683208
0.225819
-0.777594
0.081930
0.553497
-0.755060
0.087469
-0.137751
-0.108643
-0.480214
-0.308458
-0.679395
0.018916
-0.070391
-0.564898
-0.383645
0.504139
0.542733
-0.518718
-0.051668
0.959996
-0.747308
0.931101
0.129268
0.242977
0.591598
0.224596
-0.044429
0.190628
0.659322
-0.066929
0.768782
0.482453
0.362858
0.519348
-0.803495
0.453916
0.647383
-0.684992
-0.098743
0.695351
-0.201538
0.642607
0.079849
0.684948
0.896772
-0.417546
-0.483232
0.603495
0.742548
-0.274995
0.515103
-0.856331
-0.186140
0.154684
-0.046576
0.130562
0.742681
0.786487
0.440368
0.297536
-0.538793
0.414082
-0.380255
0.732983
-0.411272
-0.478402
0.870999
5.169766
0.101764
0.239651
-0.134340
0.339069
0.733070
-0.801691
0.012047
-0.567292
7.143434
-0.296335
-0.435019
-0.079634
-0.451735
-0.975298
0.428142
0.151966
-0.268515
0.908977
3.147423
0.813189
-0.751356
-0.747547
-0.298165
-0.256535
-0.601483
0.203377
0.459143
0.810186
0.527716
0.496957
-0.240836
0.931272
-0.938475
-0.449952
-0.094795
-0.120407
-0.089218
-0.594909
-0.400317
0.520406
0.762455
0.559304
-0.465122
-0.058591
0.584552
-0.311268
-0.885513
-0.806587
-0.586812
0.641155
0.983814
0.846959
0.370732
-0.371436
0.628734
-0.723871
-0.979876
0.325024
-0.317630
0.730667
0.426659
-0.783014
0.250415
0.841956
0.076296
0.462661
-0.082720
0.469013
-0.779111
-0.905806
0.312102
0.058072
-0.174288
0.305355
-0.058749
0.750175
-0.062183
-0.181560
0.809392
0.237593
0.647196
0.148930
0.644157
0.094143
-0.777158
-0.546679
-0.967989
-0.262549
0.160259
0.150547
0.656295
0.225905
-0.161890
0.799492
-0.671797
-0.486354
0.409314
0.956336
-0.976441
-0.666260
0.247398
0.388949
0.990000
-0.341395
0.300158
-0.787116
-0.853735
-0.684766
-0.473018
-0.755617
-0.236533
0.664141
0.432473
-0.839451
0.640244
0.668800
0.920813
-0.990902
0.606578
-0.171003
-0.842985
0.685707
-0.141890
-0.409714
0.459273
-0.053239
0.970276
-0.207344
0.966631
0.595167
0.686402
0.070980
0.065042
0.617473
-0.070201
0.870420
-0.808607
0.782371
0.852757
-0.426586
0.429289
0.889221
-0.296948
-0.503780
0.696057
-0.531379
-0.242499
-0.549062
0.642858
-0.748797
-0.238914
-0.752747
-0.854704
0.513420
-0.845719
0.886076
0.015239
-0.039767
0.253754
-0.918227
0.200321
-0.591131
-0.739204
-0.451991
0.028841
-0.637483
-0.103498
-0.236605
0.803754
0.992808
0.016170
-0.873474
0.042524
-0.684365
-0.264577
0.765920
-0.924902
0.360377
-0.983512
0.879617
-0.090733
-0.344671
-1.022142
-0.536735
0.163967
0.808887
-0.455171
-0.338646
0.166276
0.579687
-0.998518
0.773065
-0.877371
-0.574356
0.961741
0.526490
-0.559313
-0.648425
-0.995624
-0.038204
0.136474
-0.362051
0.521726
0.233742
1.094040
0.538185
-0.507041
0.999756
-0.675021
-0.047876
-0.399670
-0.117644
0.100760
-0.110399
-0.663425
0.157059
-0.932125
-0.655415
-0.929628
0.619226
0.556296
0.647300
-0.205477
-0.915701
-0.838367
-0.644648
0.682202
-0.459722
0.391485
9.956061
0.631651
-0.955937
-0.046557
0.896363
0.748239
0.285518
0.491130
-0.199168
0.105379
0.445202
0.942259
-0.829824
-0.302893
0.094205
0.222824
0.643037
-0.257753
0.790627
-0.834427
0.673061
-0.348231
0.264198
0.430635
-0.466457
-0.737619
-0.215827
-0.754096
0.456774
0.780368
-0.248037
0.519264
8.861607
0.078836
0.643231
0.815435
0.011918
-0.110438
-0.457750
-0.609019
-0.168477
-0.813572
-0.297805
-0.821241
-0.766850
-0.055902
-0.305014
0.902692
0.407043
-0.414352
-0.600080
0.894791
-0.925304
-0.450580
0.351628
0.398057
-0.845792
-0.500912
0.030875
-0.072975
-0.819288
-0.718285
-0.543282
-0.116670
-0.470044
-0.751686
-0.302425
-0.393014
-0.010843
0.297866
0.928639
-0.035248
0.628059
0.407094
-0.284789
0.955413
0.319690
0.639393
-0.333642
0.910983
0.192977
0.236219
-0.940016
-0.097873
-0.152606
-0.031871
0.464643
0.702374
0.111627
0.306106
0.123536
-0.936504
0.137211
-0.495936
-0.559520
-0.013102
-0.049307
-0.486910
-0.379418
-0.140114
-0.049652
-0.909605
0.937875
0.150228
0.276802
-0.745565
0.026427
-0.917389
-0.664445
-0.156608
-0.845757
0.925571
0.467393
-0.696411
0.994693
-0.977749
-0.133036
-0.748832
0.368126
-0.740807
0.502037
0.153400
-0.915921
0.535891
-0.327730
0.187705
0.022195
-0.510181
0.243479
-0.485787
-0.394805
0.755272
0.701486
0.079506
0.755860
0.635388
-0.980984
0.812421
-0.073872
-0.360121
-0.284418
0.998149
-0.605302
-0.500545
0.663492
0.780203
0.517261
0.628868
0.502813
0.331127
-0.369827
0.655869
-0.648060
-0.539437
-0.817946
-0.103944
0.718243
-0.245208
0.341613
-0.266386
-0.311594
0.331285
-0.412132
0.284578
-0.065958
0.272282
0.707494
-0.146931
-0.635202
0.642086
0.697121
0.921563
0.586144
-0.372595
-0.599650
-0.444231
-0.901794
-0.633220
-0.776559
0.216428
0.184498
-0.898096
0.765146
-0.727838
0.703963
-0.135073
-0.673938
-0.215983
0.061699
0.837317
-0.647462
0.153560
0.457924
1.141429
0.502626
-0.316663
-0.788417
0.156078
0.861598
0.599710
-0.822251
-0.602199
-0.203837
0.309972
-0.779582
0.803508
0.531108
0.534692
-0.387973
0.389591
0.292155
0.165959
-0.167164
-0.407276
-0.751844
0.739539
0.044968
-0.492811
0.156798
0.186714
-0.792333
0.194454
0.223615
0.948768
-0.535966
-0.412451
-0.862328
0.664782
-0.553984
-0.036549
-0.308279
-0.610169
0.988817
-0.411283
0.154799
-0.290971
0.907431
0.443404
-0.409101
0.273417
0.802024
-0.775606
0.605166
-0.067637
-0.154298
0.077818
-0.395372
0.965890
-0.772890
-0.178243
0.608258
-0.755631
0.593729
0.098826
-0.995156
-0.872740
-0.666233
-0.550228
-0.766589
-0.743554
0.397086
0.446190
0.806765
0.023079
-0.453912
-0.687264
0.143556
0.434544
-0.107401
0.259158
0.926783
0.474754
-0.361775
0.353421
0.317949
0.107665
0.597815
0.277253
-0.744369
0.876945
0.101960
0.880845
-0.500600
-0.184996
0.398988
0.514599
-0.862586
-0.012645
0.123575
0.731718
-0.455832
-0.845511
-0.428558
0.401094
-0.252973
0.636161
-0.847952
0.821254
-0.589142
0.924154
-0.586709
0.764731
-0.694154
-0.108073
0.679428
-0.408831
-0.875207
0.367436
0.521074
-0.426838
-0.753886
-0.234220
-0.163522
0.694988
0.056206
-0.964413
0.446280
-0.464821
0.596069
-0.341569
-0.243999
0.982244
-0.501385
0.061538
-0.349294
0.771636
-0.718629
4.322089
0.607287
-0.963731
-0.576621
0.162307
-0.458806
-0.886569
-0.002958
0.567949
0.287022
0.390301
-0.212757
-0.999153
-0.062888
0.079997
-0.690617
-0.492287
0.014275
-0.695772
0.168211
0.389473
0.046072
0.121955
0.121532
0.934745
0.885817
-0.160866
0.543333
0.397567
-0.233009
-0.087997
0.906522
0.416556
0.976586
-0.435743
0.832326
-0.866360
0.797118
0.330830
0.713808
-2.542326
-0.403292
0.631159
-0.646564
-0.060569
-0.592023
-0.584259
-0.610693
-0.969959
0.224864
0.238084
0.672324
0.828197
0.049667
0.829887
-0.985620
-0.676125
-0.953714
-0.534137
-0.554889
-0.341563
-0.945368
0.505322
0.601731
0.802895
0.660335
0.713897
-0.707826
-0.559965
0.428430
-0.066738
-0.218201
0.706002
0.608896
0.708571
-0.499616
-0.212840
0.723496
0.382740
0.530619
-0.483751
4.276749
-0.336056
-0.610788
-0.340276
0.427955
-0.332220
0.488744
-0.575747
0.233842
0.836521
0.985489
-0.989937
-0.530785
-0.656313
0.021268
0.828303
-0.426928
0.917402
-0.570796
0.471888
-0.175778
0.681381
0.280159
-0.543796
-0.670793
0.547734
-0.145793
0.688134
-0.545445
-0.004541
0.757592
-0.117686
0.568226
0.642419
0.127796
-0.224171
0.020493
-0.576788
0.609972
-0.237152
-0.511561
0.272261
-0.362171
-0.784515
0.412471
0.034694
-0.600324
0.821141
0.282054
-0.026488
0.422907
-0.110682
0.363692
-0.146951
-0.125490
-0.423281
0.251441
-0.456148
0.228547
-0.431314
0.323590
0.992262
-0.513704
-0.176807
0.376874
-0.522693
0.682222
-0.270013
-0.767204
0.460437
0.873126
-0.792932
-0.147383
0.741248
-0.700169
0.824006
-0.781614
-0.028818
0.911620
-0.604403
-0.022114
0.215933
-0.517065
-0.073525
-0.737426
0.464902
0.411972
0.198687
-0.367623
0.057832
-0.454988
-0.254711
0.321056
-0.351570
0.028317
-0.133690
-0.754229
0.080181
-0.876388
0.515400
0.931463
0.916613
0.275275
-0.512253
0.153082
-0.888154
0.881365
-0.629621
-0.872048
0.254287
-0.850057
0.148854
0.962847
-0.475901
0.044727
-0.383438
0.572908
0.297598
-0.763049
0.856996
-0.021198
0.564666
0.179935
0.239032
0.818889
0.854208
0.655704
-0.537142
-0.218717
-0.227501
0.026626
-0.744000
-0.880822
0.493805
-0.410550
0.517224
-0.794543
0.462299
0.576544
0.426908
-0.262085
0.441414
0.985189
-0.725612
-0.417671
0.077793
-0.716812
0.528129
0.823439
0.049550
-0.460554
-0.025910
0.595249
0.137414
-0.365360
-0.996923
0.600619
0.125093
0.557572
-0.712786
-0.386744
-0.814769
-0.100919
0.626453
0.602763
0.729788
0.292146
0.539110
0.242187
-0.149682
-0.494784
-0.277148
-1.052553
-0.117887
-0.317921
0.188968
-0.641305
-0.371624
0.857679
-0.758045
0.536818
0.634367
-0.478399
0.387434
0.861929
-0.336108
-0.620859
0.411789
0.550704
0.141933
0.434117
-0.075957
0.232392
-0.210881
0.296028
-0.820200
0.959502
-0.576435
0.385611
-0.453771
-0.025164
0.011625
0.356080
0.450265
-0.653320
-0.438177
-0.519905
0.925778
0.144320
-0.980059
-0.201986
0.636590
-0.294868
0.999694
0.855910
-0.500482
1.034778
-0.038792
0.894036
0.165531
0.593625
0.768457
0.666736
0.714851
0.081144
0.369486
0.573835
-0.225550
-0.207253
-0.776290
-0.401160
0.786382
-0.991449
0.001996
0.365082
-0.382422
0.860892
-0.402639
-0.505821
-0.807361
0.712295
0.361392
-0.665929
-0.101669
-0.786802
-0.334641
0.384632
-0.875885
-0.827321
-0.625828
0.873940
0.240240
0.006840
0.700160
0.444471
-0.806453
0.717047
-0.954266
0.243100
-0.249866
-0.009212
0.438345
0.904929
-0.250311
0.662377
0.658479
-0.975025
-0.591870
-0.023147
0.413808
-0.176462
-0.448916
-0.567294
0.932840
0.036793
-0.742522
-0.025151
0.167580
-0.819976
0.200272
-0.923987
-0.075366
-0.190215
0.718820
-0.238887
-0.283889
0.135787
-0.526255
0.796160
-0.277591
2.278956
0.921359
-0.097397
-0.209970
-0.613566
0.687029
-0.587770
0.429448
-0.787626
0.044096
-0.368997
-0.970738
-0.298304
-0.142855
0.232922
0.394767
0.050971
-0.156975
-0.061521
-0.971148
-0.236160
0.409277
-0.756591
-0.698481
-0.071982
-0.558851
-0.130138
0.489389
-0.365247
0.953815
0.292051
-0.783122
-0.654991
-1.139092
-0.908320
-0.370061
-0.806716
-0.584804
0.314360
0.381907
0.268055
-0.701708
0.531947
0.805000
0.269253
-0.458632
0.331905
-0.141379
0.971653
-0.742964
0.320737
0.564654
0.582867
-0.824212
-0.644253
-1.079615
0.978629
-0.345103
0.879772
-0.553050
0.365047
-0.434778
0.375930
0.733635
-0.203040
0.460480
0.242426
0.840171
0.835532
0.278040
-9.846727
-0.517672
0.485766
-0.340256
-0.059871
0.625788
-0.468319
-0.076238
0.698233
-0.874764
-0.662267
0.567732
-0.133288
-0.285607
0.492553
-0.704211
0.876438
-0.547978
0.161487
0.733432
-0.882921
-0.649356
0.118615
0.941297
0.234915
-0.754748
-0.911266
-0.760779
0.710148
3.046517
0.068128
-0.144335
-0.289118
0.221418
0.328703
-0.491158
0.512131
-0.432468
0.298191
-0.592811
-0.301286
0.497472
-0.623086
0.772039
-0.723968
-0.739902
-0.941181
0.135861
-0.065158
-0.148749
-0.072388
-0.153701
-0.481454
-0.228741
-0.168809
0.984434
-0.015971
0.155559
0.927678
-0.815007
0.483227
-54.161789
-53.969316
-59.211357
-54.331392
-50.546848
-50.437275
-48.201171
-54.389395
-46.395244
-49.322612
-52.217119
-48.205194
-50.398836
-47.240530
-44.249918
-44.299106
-61.623747
-53.369249
-52.707215
-66.642700
-51.563046
-54.149506
-51.184196
-47.763325
-61.027367
-54.600056
-52.943424
-47.844658
-43.370909
-46.794059
-48.980990
-41.402331
-56.774807
-57.233459
-53.147010
-49.392559
-50.756345
-55.110093
-48.970236
-50.184004
-41.134210
-52.678055
-49.796135
-48.155866
-50.845735
-45.175404
-42.189416
-48.669803
13.988581
10.660264
9.700453
6.222035
11.288045
14.936780
9.463371
14.865929
8.545678
11.602322
8.293270
13.564830
12.581094
7.069451
8.179424
7.862240
7.897748
13.506222
11.397298
7.602337
14.369637
7.308266
14.792990
14.372189
7.844351
6.106681
-5.618136
9.467877
9.405468
6.787854
7.644066
9.576132
14.040904
10.898679
12.626531
10.367259
12.416952
6.704660
11.950257
13.489818
8.596214
14.982176
6.514426
7.094867
12.039505
13.159553
11.862293
11.873308
1005.885479
708.260319
19.375220
20.286078
16.351196
19.385941
13.917861
14.062215
13.288636
16.088699
7.331490
7.522742
6.494938
10.550865
6.697534
10.144565
1003.446984
706.282223
23.010892
13.585855
13.143377
13.224861
13.988537
14.442308
10.796422
10.344159
8.284088
7.432811
8.213160
12.800654
6.381665
9.846357
1005.147212
700.647174
17.187777
16.225600
20.411698
15.846277
10.840623
9.507415
16.710162
9.293982
13.615655
12.832844
9.657032
6.978658
7.762591
2.903691
-493.030555
19.181548
15.441477
15.274139
18.044903
19.260782
10.891220
17.938290
15.095323
12.102572
9.641911
11.076994
9.781249
5.499685
4.715639
9.485446
-494.095590
21.777536
21.252498
18.985570
21.820161
11.236807
10.467598
12.747141
8.220496
8.696147
6.561255
13.745868
4.112766
10.985248
11.988163
3.863473
-419.149125
22.666474
21.732858
20.407574
18.233633
11.189832
11.461824
14.778227
12.348460
15.833321
7.958901
7.104426
7.756525
8.952974
9.428485
2.210844
