0.608561
0.624196
-2.243855
4.853980
-0.557840
0.782079
4.532747
-3.752122
-4.137039
-9.425575
8.130922
-1.309994
-4.076213
-6.690864
4.698217
7.212547
4.647821
7.040041
-2.263381
7.618791
1.728253
5.602490
-6.558902
-2.121872
3.584458
4.335271
-8.882874
0.844601
-1.303716
4.169973
-0.203520
-2.533466
-5.408289
3.756332
-2.972847
10.726736
7.845834
6.337436
7.220760
6.284504
-5.287155
-0.093577
7.006216
-4.762587
-6.586968
-7.645588
-4.217042
-2.322952
-2.530476
0.946459
4.770942
3.453029
-2.129949
8.208470
-4.173353
7.424799
1.663150
-0.607436
6.520850
1.888999
15.403338
0.938233
3.712228
-1.624533
-2.951639
1.822744
-0.977700
-4.635423
-5.668924
6.543969
6.560671
6.427498
-14.798688
1.847899
-9.288104
2.086179
-9.622631
-3.186934
5.802579
8.005703
-1.112873
9.011552
-4.223515
6.303675
-9.090077
16.336663
8.479322
6.686188
-4.843720
7.983107
4.366913
6.096127
4.890088
1.731594
-7.643853
2.005573
-6.752490
-3.077937
5.480648
-1.160042
3.732141
-3.909747
4.069532
1.921981
-5.923767
-7.804121
5.731992
9.792187
2.168794
-4.969014
0.764041
2.708836
-3.407995
5.493563
3.834587
0.658863
4.945536
-4.126726
4.713529
2.205176
-0.822829
5.627232
12.113433
-0.115506
0.838029
4.570056
4.767919
7.875668
3.592745
-4.259640
0.483770
-5.161391
0.275873
-5.068632
-5.304755
-1.812182
-7.628883
9.881840
1.301577
8.787431
6.497876
8.022079
-5.364420
0.053713
0.411570
4.680582
0.584150
8.525772
4.804921
-2.589377
-0.690327
4.363787
5.935386
2.192228
8.337593
-0.795796
-4.922406
-7.770655
-4.688936
15.309522
1.057252
3.786488
-7.346094
-2.990504
0.655688
20.410179
-6.905646
9.088157
-5.773469
1.973390
-4.619799
1.264380
7.632985
-10.683914
-5.805501
-16.603352
-5.265227
-12.007922
-0.680956
-8.979660
-7.231390
-3.504271
-2.722905
-3.211987
-1.447917
-1.899470
4.465180
-7.717374
-5.018192
-0.795676
-3.978955
-3.085121
-6.763700
-13.902051
20.015770
-12.949522
-2.357612
-10.200176
7.803422
-9.287105
-8.756322
-7.196365
0.779394
4.642428
6.234199
-1.739327
-0.275657
-1.648521
-0.773508
7.877578
0.161023
-2.472181
-1.146095
-3.436476
1.435424
-1.403492
6.292567
7.218607
6.742248
-8.333810
-8.751511
-4.478270
1.516857
4.486737
-4.220725
1.710108
-8.259030
-4.804262
-5.011590
1.086807
4.366270
-0.790606
5.702428
3.061591
-3.222970
-4.489228
-12.315493
-2.088279
-1.000217
0.541813
0.456952
2.568937
11.353132
8.725689
-9.805327
-2.156093
1.645994
7.660185
-6.168785
-8.628721
-5.261384
-6.288457
-10.523107
-4.495450
-0.808905
-11.104296
-6.059107
-3.986175
2.997447
3.077180
-1.550017
-3.062975
-3.148414
-0.430496
-7.494537
13.346658
-3.521443
4.464350
-4.661310
1.343428
2.946135
5.550618
-4.309049
-3.669449
5.542226
1.511170
0.183942
-3.774659
-4.126761
-11.637050
2.659786
0.025542
15.024182
0.553875
8.442430
-6.596230
3.318638
-6.905629
1.466019
-3.450689
-0.068146
-4.627431
1.060436
-0.384402
-0.128300
-0.254639
-1.032238
1.521838
9.041179
-9.460174
-9.994185
-4.376874
-5.213297
4.358571
-9.498752
9.687159
1.424222
5.458676
-1.362565
1.789648
-0.020320
7.634184
-0.807644
-9.392617
-4.266998
4.078099
1.497651
2.508540
-0.684054
-0.247353
-7.200158
6.752256
-0.478417
1.136759
-2.317946
0.698892
-2.113262
-6.881822
-8.423987
-7.039040
-9.485657
0.346138
-0.842329
3.560063
0.234142
12.316628
-6.849591
-0.725190
5.251187
3.595967
-2.386010
-5.875321
-6.811785
-10.908417
6.226382
-4.697012
-2.015827
3.965900
-2.221541
9.548082
-3.726768
8.460734
-3.562176
2.654653
-5.901857
0.771215
-9.191789
4.078176
5.932251
6.192690
-2.805182
13.741791
0.089917
-7.416731
2.053462
12.113392
-1.524320
3.128182
-4.852729
5.889454
-3.107841
-3.483488
8.011320
1.259401
2.838239
9.229515
0.367987
-7.760874
-0.722464
-3.420650
-2.596849
-6.185828
-7.431856
2.293184
-2.781845
2.427375
-8.171820
-4.161656
-5.103137
-4.609062
-0.667238
-2.734914
-5.318310
-1.514867
0.344222
-3.295437
8.061604
3.724833
-9.166237
-2.678869
-4.814509
-0.589623
-5.226318
-4.771408
-1.031401
5.213320
5.678323
-3.744016
4.208625
-0.511556
-0.151716
0.885571
-6.605353
-3.371728
4.237788
13.109381
-5.124646
-0.577920
-5.452183
6.613731
8.379328
2.451090
-1.260022
-2.524373
0.515853
-9.379045
-2.466063
-8.374658
6.127677
-5.843775
-4.490950
-4.057068
5.254016
18.840994
-2.818458
4.283186
-4.342149
9.134773
1.886774
-9.113197
0.776300
0.057765
-6.338546
-5.342467
1.909060
4.283518
0.232051
1.299842
5.664466
7.874774
10.135482
-6.696477
-7.572212
-0.107149
5.124200
9.012712
12.001773
-7.608128
-0.248182
4.618766
12.816236
12.320182
-13.138196
-0.774327
1.884332
-4.106021
1.900381
-6.704873
7.593323
4.204211
-3.906544
0.416909
-4.251932
16.370889
-1.586812
-6.043111
-1.091272
3.074994
-1.103638
-2.319988
13.002819
4.489085
7.856643
1.929919
9.748648
-8.866204
3.284114
-0.610025
5.917848
4.439187
-2.868061
-7.300043
3.096838
-0.517848
4.366100
-1.759695
-8.925811
4.907688
-3.354768
12.375095
-2.260389
-6.610291
0.572919
-4.450835
-2.703770
5.248358
-12.754054
-2.292439
0.395942
-0.758891
-10.736317
-5.577726
-6.975000
7.007443
2.858097
-9.008281
-1.896631
6.398667
-11.071046
-3.154947
4.510855
6.253727
5.042075
-5.041884
4.805998
7.750416
-1.950548
18.194950
-0.600940
4.405913
1.612982
-5.110511
5.717931
-8.097148
3.170653
-3.511464
0.477109
2.840127
-2.212310
7.238785
6.800181
4.177916
2.446107
-5.606556
-4.931754
3.668175
-4.133232
-2.331954
-10.939888
2.975913
13.913220
-8.311319
-7.524678
9.169774
-9.610927
-8.533740
1.877618
-3.414484
-5.326131
4.189081
-7.237478
-9.876639
-1.109224
-2.617631
0.017862
7.119157
-3.353474
-0.857640
-7.805189
-9.601788
-0.910338
-0.995578
1.258383
5.810358
4.131829
-3.231628
3.457710
-13.980733
-0.780612
5.077454
-1.665644
-1.458876
7.863057
4.839707
-0.412172
5.656170
6.150681
9.879178
0.068600
0.250403
-2.532786
5.626508
-5.517449
4.501060
3.763966
0.940375
11.465648
-1.362357
-6.055590
2.751537
-1.904749
-10.986964
-3.704788
-6.098598
4.205894
8.722190
-7.203002
10.031161
-4.936997
-1.469707
0.821905
4.563536
-0.570171
-6.302127
-0.728403
-6.777220
5.888094
0.008553
5.345942
4.423749
-0.437214
5.070605
-4.886962
-8.882364
6.559749
-6.895105
9.665450
-1.035445
4.031750
-4.888926
-0.521094
1.664181
5.465127
1.105415
4.899890
6.273431
2.124892
3.962322
-11.410517
-0.267416
-7.302853
7.904858
-9.743803
7.822692
-1.943313
-8.528435
-11.971748
-5.651363
4.598831
-0.788587
4.412963
-2.330584
6.973883
1.287704
-2.769081
4.813705
-3.618298
6.068052
0.558041
0.912411
4.184985
-1.754952
1.508254
-2.605940
4.276776
9.404134
-1.418336
0.582695
12.153478
3.823250
-7.706520
0.823978
1.183183
5.961291
4.560366
-5.264213
-3.964646
-5.656230
1.514573
-7.049341
-1.789497
-7.550652
-8.879661
-24.435292
3.372611
9.323894
9.932094
0.574709
3.718308
-4.243355
-0.793428
-1.492516
-6.634520
-4.593489
7.965663
7.292783
-3.170837
-12.444333
-2.333472
-3.644584
1.037669
-5.239825
7.162690
-0.024167
9.322270
7.139402
-2.846399
-3.971998
-1.476017
0.879630
4.859516
-11.170637
3.740892
4.338978
4.278323
-1.131575
-5.510497
4.542738
-5.653007
-7.422508
3.027636
-2.536228
9.515220
0.266421
9.379662
7.122268
-4.696137
-2.678884
-1.977706
6.670386
4.174013
0.348714
-0.389816
3.349252
4.419113
-0.544885
-7.079028
1.921919
-3.147108
2.184499
8.310689
-4.892640
1.997239
-4.903922
2.371907
-1.941553
-0.818609
2.658678
8.558839
-6.970554
9.438716
3.580851
8.497377
4.931167
-8.816026
-1.666827
-1.197408
0.335110
1.436036
6.742167
11.212960
3.427389
9.132658
0.187813
-3.670711
5.690541
-5.467011
5.718228
-5.245395
-0.346499
5.877298
1.489544
7.124904
1.708560
1.433378
-8.036023
-12.312434
-0.442874
8.196951
-3.343919
4.559713
-8.736454
4.919193
8.124887
-0.085611
-3.241769
15.530215
-4.283754
9.055643
6.857806
4.811621
-0.502666
-0.260238
3.424768
-6.885808
-2.854416
-6.040753
8.744504
5.038707
2.178828
1.582058
-2.918699
5.750063
-9.282261
-0.228671
8.071203
-3.186811
4.216039
4.743654
-2.681079
-5.014319
3.476656
-2.503423
0.749721
7.274640
-5.802128
-6.307278
-0.847296
-5.886759
-1.750548
-7.336190
0.253921
-4.853028
-5.063651
7.512212
-28.141348
2.947255
-1.876232
2.205799
9.724871
8.708021
2.543254
4.637131
9.791078
-3.725565
1.644508
-0.669761
-3.944262
-9.648250
-0.155544
9.649911
4.739779
1.929442
-12.617949
6.323147
-1.906239
-5.554769
-0.128138
3.401156
-4.958114
0.718374
-3.698537
-6.932311
3.066397
-6.003578
0.168681
-6.615207
6.060530
1.746753
7.449507
6.711978
1.446516
0.779508
1.708028
7.258632
-8.868472
1.802279
-0.076399
-7.311996
3.731577
2.413186
-11.462378
-10.223159
-1.513601
-9.195446
-2.442579
-1.157565
-2.969235
-1.058838
12.353642
2.921630
-0.167526
-7.115007
10.738486
1.081629
-1.975839
-4.464598
6.519532
6.168287
-4.213053
6.828953
1.941079
2.021929
-0.819190
-0.694206
7.244733
2.348773
-6.894463
5.744020
-2.041078
0.421368
9.064760
-5.370470
3.912187
-8.248813
4.810195
2.499915
7.156257
2.338362
-9.034471
14.204425
-8.069946
8.248943
-10.661595
-1.058869
-0.369380
5.114382
-10.054155
5.800157
0.880953
-2.233130
12.184852
-3.246895
-0.207925
-2.029661
6.252822
7.161557
1.094434
0.505163
5.066129
3.881093
-2.102171
-7.705634
2.405759
-9.272275
-0.287506
-6.886925
-1.499647
6.049756
3.074304
4.960321
-0.858097
5.533847
10.838080
-12.164035
-0.571548
-5.386363
-2.063731
2.699288
0.980746
-0.895604
4.229609
-1.340116
1.479807
-6.266891
10.249462
-9.173086
-16.098218
4.027835
2.500480
-2.610968
-1.712440
-1.862480
-5.869100
11.450329
-1.573215
9.015103
-8.383318
0.474353
7.086902
7.960984
-3.715505
-6.945540
-5.665365
-4.557601
6.789072
-21.088717
7.619280
-1.152924
-2.369290
-2.979176
4.588033
3.091447
2.255502
-0.472564
5.228741
9.770865
-5.934142
7.429294
-7.369470
8.207604
13.191573
-4.144845
-8.795149
-6.307801
4.236999
3.549040
12.114126
-7.207580
3.945608
-5.666145
4.093287
4.762323
-2.240461
-0.170943
-6.653370
-0.107668
2.190090
-2.494618
-1.985961
-6.491357
1.507765
-8.940285
-1.927144
1.908398
11.751230
-7.443561
-4.479791
1.191906
4.536871
8.314813
-3.309392
-8.480057
8.303600
-6.188988
-4.680590
0.774808
-1.985825
-0.675609
-6.281278
1.770316
0.988196
-5.180510
-1.569842
3.195923
1.526827
1.182762
-0.875185
-10.750204
-8.358644
-17.685782
2.180165
3.828070
5.051207
-3.713108
4.500630
4.375190
-4.747485
0.777351
-1.590428
-3.710273
8.321791
-1.852609
-0.251563
1.969518
1.766524
-5.036630
-8.146472
-0.321816
-5.216356
3.752484
-7.137881
6.761385
-11.500721
3.710861
-0.883674
-6.791066
2.841641
7.744660
-2.830182
-2.820734
1.374630
-3.932991
-7.460663
0.166899
6.605975
8.057506
9.849923
3.689757
6.304344
9.051699
4.247262
-6.978539
1.950949
1.893266
-14.175020
1.848241
-5.696116
3.586655
3.037822
-2.404467
9.302931
8.657883
0.575628
11.573717
-5.816843
-2.726150
-8.194765
-1.483101
-9.080390
6.258067
-0.004047
5.110792
-5.890500
-4.066340
7.194351
-16.381641
10.029927
10.575874
6.368833
0.644076
12.037994
3.550234
-1.456801
-1.179868
-11.753212
4.100276
5.822644
7.654661
1.429812
-6.523794
-4.057383
6.615020
-3.916338
-1.782162
-0.039654
-6.429019
-1.772733
-1.441026
10.093122
0.593918
-2.771126
-3.300528
-10.734174
7.935495
6.746921
7.358338
-6.315713
5.059580
-0.412941
8.713053
-6.631926
2.235017
6.380692
7.130214
-3.511004
-3.437355
3.148738
-1.457044
-5.810177
5.183128
-0.212640
7.497461
-4.550926
-1.357411
5.959798
3.024263
9.385507
-6.446684
4.996780
-0.147370
5.146364
-7.307524
4.859840
11.037834
0.789116
-5.006763
-2.190514
7.924142
-1.512109
-4.445301
-8.456881
7.329494
7.105814
5.480747
3.122644
-11.121430
3.550764
-6.322465
6.181503
-4.042140
-6.554380
-5.569399
8.130533
-7.326347
-5.015207
-7.403295
-0.212267
5.624542
-0.065733
8.149204
6.810378
-7.359369
-3.843263
2.997169
7.215792
3.083177
-4.514471
7.486264
-3.667482
4.815454
5.634612
8.639091
4.113087
2.323593
-8.078581
10.692636
3.844568
5.422427
-2.445692
-2.130193
7.927691
-1.065510
3.746020
-3.249295
5.067298
-10.753922
-8.557447
-0.175678
-3.137671
-0.237641
-6.694342
0.052233
1.845684
4.000800
-6.396213
-7.242152
1.202742
6.584129
6.479560
3.463920
2.918722
3.019160
3.902543
4.550062
4.973007
1.895496
-8.387618
1.031887
9.526191
-4.462418
0.660351
-9.342578
6.668284
-0.126252
2.711435
10.291554
-9.181024
0.000067
-6.888348
2.159821
-4.501198
3.431561
8.374134
9.333664
0.856188
-7.220533
1.939075
-6.212247
10.636444
-1.779260
2.072124
4.840385
-1.215632
6.609724
-10.887757
1.841956
0.091684
-2.560290
-2.210589
1.874910
9.738985
-2.372386
-4.566470
-2.492441
1.867324
-3.377516
9.757889
-14.823534
2.507385
12.013774
0.805204
4.819407
-0.616036
1.547090
7.658153
-0.269597
8.532937
2.561519
3.536574
0.794251
4.922049
-1.896666
8.723985
-6.375565
-1.719535
5.668775
9.818241
3.512162
5.475213
-6.490161
-7.797440
1.207452
9.402734
1.126789
-4.729851
6.452069
-6.532175
-0.927264
-6.216133
7.449148
4.060402
-3.102032
11.029200
1.617266
-10.393213
10.425941
-7.571521
4.767545
-0.899872
-5.285629
-9.346157
5.853911
3.935313
-4.415824
-1.563837
6.892622
2.021212
1.113075
8.513919
-8.772612
-0.279598
2.945442
-4.560299
-17.568139
3.354612
0.152465
-2.243304
-5.882453
10.652524
-0.516674
-11.181491
4.450490
-0.923761
-2.661248
7.248055
0.540830
-0.659139
1.653632
-1.134077
-5.811875
1.461928
-3.632502
3.520959
9.339793
-7.435112
5.723878
9.269994
2.836814
3.360232
-2.112664
11.457069
5.973847
-4.866461
-7.730493
10.662009
-5.743537
6.613757
-1.227291
-2.711042
-10.297868
-19.247614
7.105136
-0.436250
2.678970
-6.327269
-9.680474
1.510630
-3.687291
-4.070169
-7.546079
-1.677169
0.211329
5.322664
-12.785766
6.867902
6.677720
8.524336
5.860425
0.500815
-6.276549
8.159680
12.459210
-3.999167
4.849591
-5.119204
4.399994
-4.549857
-2.431907
-6.391152
-8.096994
-4.523860
18.233605
1.194688
5.427694
-8.257421
-9.507672
-1.494630
-7.941122
3.352816
2.462547
-3.923117
-2.416045
-4.976232
0.755420
2.318519
-0.565552
6.660329
-0.831375
-0.747136
4.052251
-1.138518
-0.011820
-5.334123
-9.583944
-3.302215
4.736552
-4.013944
-1.957165
2.083722
-5.915968
-7.919295
10.998171
6.135814
-0.975468
8.343792
4.422967
-3.030942
2.355570
-6.455834
-3.696846
4.778441
3.101798
-8.753000
2.412208
-10.092219
-15.823555
-3.224411
-3.816816
2.920423
0.204351
5.606665
1.212403
10.724436
1.978388
1.285496
4.646893
2.748605
2.391354
8.091903
-7.370691
-5.186207
12.982634
-2.108545
0.667919
0.802793
5.541934
-2.569054
0.430884
7.762146
5.192621
-0.427253
-4.784827
-1.660414
7.246122
3.706670
6.954331
9.107558
-6.905730
-6.750549
2.056955
8.065586
-2.671788
-2.703348
1.526129
4.047611
-9.306474
-8.028070
-9.427064
2.983921
0.501849
-0.375862
-4.880803
-0.322039
0.268633
-7.927103
-2.480346
11.822447
6.759347
0.136364
-0.929795
6.505160
5.499419
-1.073624
3.621650
0.581696
0.325735
-0.247163
-11.687420
5.971047
5.145256
4.859291
6.155509
-7.243217
3.698973
-4.988379
-9.483932
2.269740
-6.996116
-2.221158
7.749576
-7.604764
5.148269
-1.854285
-7.794923
-0.212748
-1.685066
0.521095
-3.139222
0.017268
-2.257940
12.358052
3.262618
-9.371805
7.745751
-1.671535
-4.897103
-10.647573
-2.328342
1.504002
4.927896
-7.898293
-1.467414
-2.582773
-8.443706
7.629779
-3.462289
3.449223
-2.280298
-5.951830
11.128472
-9.014363
-3.285975
-0.766622
-4.603466
-0.475166
-0.998900
0.472517
7.049437
4.471912
2.835954
1.565918
5.359440
-6.163682
-0.506994
-1.851734
-1.133191
7.227020
-2.720805
1.933718
-8.330546
-2.440381
3.161851
7.202408
-4.593145
-0.240323
0.618277
-9.589371
-0.475404
0.450222
-9.978843
-3.357516
2.997856
8.060271
-3.728395
9.342630
3.591270
-1.209449
-0.086022
7.364407
-7.049650
-2.518663
-4.988966
3.208236
-5.012901
-2.541914
0.367302
14.219705
-8.168762
3.740744
-4.493679
-9.358496
-6.042525
5.093516
7.251162
-0.884824
17.416026
4.053767
2.771137
2.347414
-4.214745
2.268658
3.829074
-4.362171
7.574923
0.219026
2.286323
5.718413
-3.465335
3.566660
1.607848
-3.070568
7.472828
-5.275821
16.677480
-5.107335
-3.762784
-6.694559
-0.495696
-7.087403
-3.596041
2.657899
-3.723204
7.660566
5.847180
-8.473401
3.988707
-7.998285
0.336063
1.472822
2.951087
-7.891648
5.023210
2.049223
-5.974806
1.716462
5.702032
-7.305817
-10.428453
-0.262884
2.922686
-0.506617
-8.030082
6.157427
-1.919044
-5.637789
-8.335101
5.457902
2.430145
1.510837
3.851734
-1.239907
7.067672
5.029410
1.159769
3.671506
14.290070
5.662444
3.260306
5.837912
8.536973
5.461531
7.175535
-0.324115
-2.947640
6.119072
5.432882
-5.011380
14.598396
-3.634846
6.262596
-4.417423
-1.869631
-2.584426
-4.659442
6.444205
-5.013932
-8.439274
-5.196320
-9.035894
4.657962
6.859747
-6.926210
4.854812
7.119142
-8.833156
-11.244396
1.246878
-1.168685
2.924158
-0.106374
-27.220135
-0.153805
-7.090762
4.497502
-5.759026
-5.216330
0.632258
-9.265841
2.845574
-5.007123
-3.445790
-6.405413
5.354927
-4.630535
-7.737613
3.604124
-2.435246
9.808908
6.774169
-6.997685
2.688033
-3.297675
-2.024564
-1.450267
4.321728
-0.446717
-5.298230
-2.491548
8.103403
-1.821145
-6.261404
2.127188
-2.122524
-2.716102
3.186162
-3.281734
-8.256444
-23.547403
4.651982
-1.814812
5.811538
9.931124
5.517183
-0.551551
6.879190
9.856480
-2.089525
9.782420
-2.029520
-3.030668
-4.523541
4.551319
-5.479737
5.358153
-5.608828
2.284639
9.183560
-5.571027
-5.864700
-0.120527
-3.255823
7.526279
0.651835
-1.668882
3.334921
-10.648870
-5.607334
7.679115
9.200692
3.681313
0.928902
-13.446663
-2.485699
