-0.354819
-0.657283
-0.826267
0.593936
0.437148
0.042754
2.994610
0.723562
-0.801661
0.531817
-0.441361
0.741264
0.203338
-0.677919
0.710582
0.558601
-0.952302
0.652661
0.606305
0.070367
-0.551304
-0.512825
0.426918
0.062660
-0.916122
-0.041325
-0.903572
0.351505
0.330925
0.872921
-0.670701
-0.401730
3.672999
-0.913697
-0.568032
-0.151992
-0.976513
0.164999
0.641498
0.658075
0.402797
0.156733
0.807944
-0.193744
0.276933
0.195953
0.823224
-0.372099
0.485000
0.423468
0.322361
0.191418
0.436427
-0.403860
0.550989
0.022688
-0.999705
-0.673440
-0.809757
0.330096
-0.669452
-0.417373
-0.350556
0.574784
-0.460378
0.624753
0.093770
-0.493490
0.732355
-0.239145
0.051284
-0.745777
-0.198590
-0.429215
-0.167927
-0.085166
0.639023
0.281906
0.214471
0.692641
0.600056
0.056388
-0.739268
-6.584653
0.719694
-0.904964
0.867494
-0.295860
0.686387
-0.044448
0.169066
0.608971
0.095659
-0.675286
-0.566233
0.389617
-0.501562
0.426827
-0.554936
-0.047919
0.870945
-0.484076
0.273782
-4.688227
0.932719
-0.578397
0.382608
-0.054719
-0.569649
-0.420193
0.242615
0.105191
0.246062
-0.696067
-0.789646
-0.683819
0.566220
0.862823
-0.833313
0.768694
-0.581007
-0.582566
0.360562
0.819269
-0.377379
-0.993601
-0.175508
-0.615834
-0.226134
-0.850064
-0.203496
0.615065
0.589800
0.403574
0.158415
-0.715099
-0.848035
0.140051
0.860143
0.530023
0.673166
-0.207054
0.734562
0.100569
-0.497147
-0.857930
0.867571
0.835288
-0.465582
-0.992148
-0.883757
-0.895984
0.068597
0.892643
-0.014186
-0.060312
0.844543
-0.184616
0.480801
0.319256
0.616559
0.184262
-0.445595
-0.966153
-0.799664
0.950766
0.790793
0.746017
0.625095
0.235677
0.641027
-0.047808
-0.619650
0.451485
0.306291
0.579295
-0.281295
-0.298764
0.312836
-0.667948
-0.926290
-0.700784
-0.439744
0.005448
-0.654260
-0.074907
-0.358152
-0.363921
-0.352750
0.279434
-0.623369
0.709924
0.789025
0.248781
-0.574355
-0.671170
-0.399089
-0.654199
-0.860402
-0.522164
0.826098
0.931118
-0.257659
-0.013721
0.941250
-0.973141
0.395514
0.719859
0.905104
0.395818
-0.588825
0.740981
0.109504
0.869822
-0.577140
-0.530257
-0.204359
0.003206
0.529635
0.711073
-0.164855
-0.398302
-0.445910
0.850180
-0.191658
-0.222783
-0.866877
-0.324374
-0.124899
-0.516251
0.783260
0.499512
-0.538681
0.350316
0.731067
-0.500540
0.566873
0.329266
0.968417
0.393958
-0.855332
-0.705583
0.761143
0.824151
0.545483
-0.268041
0.775179
0.331255
0.580627
-0.869818
-0.481314
0.252759
0.249007
-0.321676
-0.138990
0.471415
-0.725050
-0.077044
-0.844737
0.574006
0.783535
0.646898
-0.745452
-0.598248
-0.896276
0.575290
-0.530933
0.086369
0.590910
0.702148
-0.227435
-0.876629
-0.773010
0.561474
0.834076
0.166788
-0.739546
-0.104469
0.328205
-0.619128
0.758916
-0.757106
0.813875
-0.362594
0.255566
0.811674
-0.066893
-0.883555
0.537914
0.356328
-0.456309
-0.398981
-0.103149
-0.214550
-0.384969
-0.236929
-0.161267
0.180164
-0.759497
-0.254964
-0.916977
-0.761685
0.087859
-0.468096
0.381989
-0.115662
-0.307172
-0.848901
-0.372711
-0.679754
-0.464230
-9.479333
0.345358
-0.177957
-0.261259
0.825724
-0.229252
0.814569
0.591788
0.786506
-0.953132
0.744486
0.623179
0.857341
-0.679797
-0.548402
0.851311
-0.359178
-0.689414
-1.443758
-0.741763
-0.139024
-0.180579
0.205341
-0.785286
0.937705
-0.455785
-0.025323
-0.965229
0.160309
0.659652
0.179077
0.835385
0.990666
0.874795
-0.981913
-0.041032
0.100793
-0.921223
-0.182705
0.870975
-0.753699
0.375574
0.268445
0.766366
-0.900633
-0.959198
0.923247
-0.387284
0.249236
-0.463191
0.483094
0.385880
0.659103
0.478156
0.898618
-0.235587
0.801795
0.962713
0.674461
-0.715675
0.144533
0.742817
0.332752
0.949437
-0.936268
-0.581367
0.739657
0.119327
0.270541
-0.536430
-0.989638
0.347406
-0.809532
0.532471
-0.486714
0.963978
-0.041858
0.926149
0.797141
0.799598
0.469435
0.037296
0.497606
-0.485291
0.693553
0.739928
-0.530712
0.581427
-0.296476
0.336581
-0.728897
0.437278
-0.085486
-0.306468
0.887193
0.922563
0.179508
-0.729919
-0.699925
-0.445557
-0.673103
0.385128
-0.072789
0.754080
-0.889772
0.262071
-0.978321
0.213252
-0.762425
0.833057
-0.907554
-0.793931
-0.347671
0.185385
-0.720689
-0.469497
0.066513
0.084589
-0.418792
-0.542771
-0.458118
-0.168989
-0.826084
0.678634
0.197409
0.300054
0.610608
-0.687704
0.041351
-0.509514
-0.525470
0.784387
0.550723
0.063664
-0.654417
-0.264989
0.857627
0.201848
-0.521220
-0.677599
0.076458
-0.998944
-0.031944
-0.720032
0.833551
-2.545108
0.807579
0.376199
0.899083
-0.241373
-0.872867
-0.826419
-0.724380
-0.642548
0.328158
0.057783
-0.442919
-0.866189
0.115363
-0.042216
-0.844260
-0.485264
-0.620184
0.554176
0.178002
0.740838
-0.063122
-0.339354
0.188181
-0.151710
0.632249
-0.142010
0.281062
0.274555
-0.799854
-0.318008
-0.889545
-0.513986
-0.805011
0.974429
-0.330858
-0.707782
0.291688
0.373322
0.481607
-0.333233
0.211179
0.975500
0.551330
0.003517
0.389996
-0.111004
-0.784149
-0.846126
0.737425
-0.415026
0.748597
0.754944
-0.373461
-0.780684
-0.421880
0.134845
-0.782647
0.521569
-0.010877
0.384199
-0.351458
-0.758911
-0.226810
-0.258561
-0.575059
-0.124047
-0.500981
0.858475
0.281437
0.806307
0.820727
0.258031
-0.636260
-0.810768
0.990368
0.262252
-0.153193
-0.212120
-0.518436
0.172492
0.032587
-0.685568
-0.740683
-0.226029
-0.763036
0.238021
-0.077930
-0.579772
0.294506
0.475131
0.593229
0.154917
-0.738379
-0.619395
0.150273
1.156106
0.538024
0.124253
-0.672366
-0.168198
-0.957296
-0.010541
0.864182
0.175015
-0.509072
-0.329746
0.341496
-0.785807
-0.997455
0.339530
0.802509
0.222597
-8.209599
0.261058
-0.998027
0.187243
0.352702
0.277836
0.331757
-0.890691
-0.838228
-0.130381
0.650013
0.617260
0.607525
-0.364485
-0.803186
-0.857038
-8.511498
0.154150
-0.343131
-0.778852
-0.742252
-0.441011
0.976414
-0.523690
0.534169
0.237840
-0.456481
-0.205819
-0.061486
-0.060786
0.006690
0.711102
-0.190579
-0.937127
-0.029140
0.815944
-0.057990
0.041869
-0.533949
-0.550879
0.482473
-0.163551
0.187398
0.445968
-0.465228
0.644845
0.372901
-0.727840
0.914645
0.189365
-0.506266
-0.777302
-0.943295
-0.635185
0.671330
-0.092203
-0.274285
0.548180
-0.377742
-0.388355
-0.903643
0.861626
0.736369
0.487257
-0.937111
0.583446
-0.181590
0.514421
-0.614467
-0.613914
-0.136645
0.512799
-2.501359
0.074768
0.125732
-0.004626
-0.469277
0.495710
-0.621497
0.317721
0.048766
-0.802061
-0.860912
-0.640188
0.558111
0.581303
0.009324
0.664645
-0.742812
0.613041
0.976437
-0.006337
0.746245
0.184275
0.749314
-0.858459
0.281573
0.577443
-0.670933
0.513060
-0.520354
-0.884316
-0.532621
-0.712402
-0.106772
-0.473479
0.956170
0.138575
-0.018440
-0.837279
0.493905
-0.279343
-0.259285
-0.463332
0.950125
0.197610
-0.178779
0.716274
0.634633
-0.425801
-0.349876
-0.367177
-0.416647
0.492047
0.517700
0.388306
-0.674530
-0.484656
-0.061282
0.378600
-0.951990
-0.640791
0.136890
0.511780
0.719677
0.158359
0.808947
0.034527
0.043298
0.126961
0.194701
0.312257
0.249584
-0.294128
0.624949
0.739736
0.569974
0.715930
-0.224631
-0.725339
-0.770352
-0.583544
-0.096542
0.179794
0.757862
-0.245255
0.852197
-0.592168
0.178518
0.139348
0.789607
0.968643
0.429724
-0.312868
0.403066
-0.285627
0.913527
-0.415675
-0.368927
-0.507419
-0.007840
-0.187431
0.567898
-0.383355
0.523064
0.533023
-0.755413
-0.328854
0.471751
0.495931
-0.997657
0.267332
-0.271731
0.803817
-0.731962
0.014168
0.361902
-0.127354
0.051883
-0.097247
-0.516480
-0.046731
0.998681
-0.511471
-0.503512
0.356682
-0.623876
0.335235
0.208216
0.463683
-0.022143
0.357900
-0.474552
0.308437
-0.594081
-0.855324
-0.528278
0.954643
0.944078
-0.586731
0.713142
0.475304
0.234198
-0.459497
-0.980159
-0.315637
-0.015527
-0.030307
-0.092603
0.672445
0.267691
-0.976363
-0.433572
0.685514
-0.784268
0.411165
0.936274
-0.783804
-0.958992
0.747010
0.830419
-0.628884
0.547209
-0.883428
0.439691
-0.645629
-0.831240
-0.634525
0.399941
0.579938
-0.327141
0.080056
-0.899512
0.187755
0.676809
0.312257
0.002994
0.095798
0.900282
0.607698
-0.446058
-0.345290
0.332867
0.095430
0.835065
0.232413
0.372059
0.117836
-0.699931
0.297621
-0.016968
0.185326
0.981751
-0.670522
0.362257
0.861867
0.954014
-0.164107
-0.223075
-0.263146
0.434471
-0.958459
0.770677
1.144939
-0.997636
-0.434243
-0.719693
-0.778078
-0.419335
-0.339848
-0.066357
-0.819308
-0.147757
0.684825
-0.709104
0.022471
0.077910
0.384601
-0.435232
-0.011926
0.298291
0.558915
0.119968
-0.660303
-0.889923
-0.650813
-1.056196
-0.444526
-0.608259
-0.299089
0.036587
0.102245
0.558486
-0.808950
0.075169
-0.004104
-0.962000
-0.352857
0.720803
0.691874
-0.902820
-0.884869
0.319811
-0.003701
-0.518727
-0.473760
0.494303
-0.487555
0.626429
0.229293
0.279337
-0.745553
0.400901
0.541226
-0.170201
0.075756
0.750369
0.251908
0.848487
-0.385048
0.500147
-0.260774
0.021783
0.321929
-0.226265
-0.810072
0.820185
0.674160
0.186272
-0.036179
-0.597411
-0.306061
0.833660
0.166645
-0.584074
-0.331083
-0.055348
-0.783405
-0.638677
-0.642087
-0.680385
0.961442
-0.033810
0.490470
-0.005498
0.897002
-0.744235
-0.340478
0.037748
0.166541
0.584714
-0.948857
0.352533
-0.480520
0.391649
0.919063
-0.539993
0.759150
-0.860401
0.609563
0.734644
0.229529
-0.210110
-0.858718
0.806183
0.373412
0.020986
-0.750029
0.106708
-0.663577
0.657158
-0.123841
0.186966
-0.950644
0.966579
-0.513913
0.626017
-0.271005
-0.559699
-0.708201
-0.929341
-0.411237
-0.273511
0.638986
-0.705285
0.165501
0.051161
-0.821386
0.231406
-0.327889
0.583795
0.431364
0.182229
-0.414400
-0.236684
0.757644
0.538653
0.737545
-0.428809
-0.784350
-0.043371
0.780099
0.814928
0.471769
-0.707015
-0.500911
0.258674
0.862771
0.683100
0.557440
0.776670
0.865958
0.638072
0.349434
-0.268823
0.851655
0.021607
-0.939955
-0.481961
0.576960
-0.205998
0.854615
-0.523876
-0.655676
0.896345
-0.332769
0.998356
0.533765
0.010124
-0.760154
-0.866354
0.316445
0.960627
0.079907
-0.374530
-0.877732
0.082478
-0.064822
0.448040
-0.765207
-0.024394
-0.714184
-0.684594
-0.845826
0.262000
0.818003
-0.892118
0.079723
0.223022
0.184982
0.635760
-0.418258
0.823690
-0.746733
-0.839290
0.263390
-0.786921
-0.532446
0.159155
0.741190
-0.122863
-0.604163
-0.313750
0.809135
-0.923172
0.420715
0.553354
-0.978457
-0.026833
0.581124
-0.712463
0.103986
-0.289460
-0.237856
-0.188535
-0.058613
-0.266106
0.191398
-0.221362
-0.310409
0.203781
0.873031
0.013418
0.797998
0.494400
0.809751
0.091125
0.648250
-0.059245
0.979884
-0.026528
-0.928627
-0.615608
0.552333
-0.464678
0.609536
-0.976955
-0.220181
-0.266120
-0.124071
0.138568
-0.520783
-0.241501
-0.905263
-0.209844
-0.423457
-0.087705
0.458034
1.083466
0.382576
0.034306
0.718097
0.158514
-0.274068
0.614183
-0.044378
-0.942998
-0.177905
0.480058
-0.793725
0.961678
0.793602
0.929952
0.221987
0.314234
-0.454161
0.249991
0.830475
0.717022
-0.771054
0.587913
0.767669
0.971278
0.527071
-0.003318
0.559678
0.238220
0.367449
0.859935
-0.726470
-0.512009
-0.925844
-0.477895
-0.773687
1.016287
0.182181
-0.902041
-0.152606
-0.984987
-0.897099
0.681801
0.981250
0.249983
0.273510
-0.202967
0.343855
0.999602
-0.977171
0.281255
0.236344
-0.818008
0.918782
-1.225124
-0.661189
-0.352169
0.682516
-0.230619
-0.008198
-0.471723
0.807850
0.474569
0.385112
0.040046
0.278713
0.841674
0.850318
-0.230008
0.156133
-0.209386
-0.069813
-0.587956
0.219306
-0.310474
-0.209815
0.663668
0.220983
-0.353698
0.370096
-0.545078
0.356981
0.098079
-0.319800
0.022329
-0.408578
0.848809
0.520091
0.522534
-0.646431
0.957532
0.491386
-0.893646
-0.136048
-0.022143
-0.493362
-0.394164
-0.518451
0.677314
0.750071
0.913492
-0.954802
-0.033826
-0.608177
-0.772886
0.324199
0.831549
0.577976
-0.117033
-0.856897
-0.231497
0.766984
-0.371008
-0.526009
0.603082
0.905958
0.632673
0.222600
0.402712
-0.877327
0.018170
-0.919020
0.636288
0.720443
0.891584
0.388765
-0.885634
-0.399950
0.426773
0.940332
0.874863
-0.637963
0.509427
0.275124
-0.030292
-0.566334
0.837545
0.319609
0.961428
0.819518
-0.368712
-0.079102
-0.396646
-0.580818
-0.738518
0.783404
0.844363
-0.710499
-0.826308
0.339253
-0.220252
0.524369
-0.665762
-0.383288
0.275148
0.074044
-0.923638
-0.105441
0.286385
0.355577
0.696068
0.987275
0.562660
0.257847
-0.043977
0.081196
-0.991267
-0.494222
-0.852121
0.611836
0.829101
-0.362981
-0.918253
-0.268726
-0.452922
0.626352
0.037838
0.267549
-0.732386
-0.266732
-0.523068
0.160915
-0.377433
0.200463
-0.159606
0.645361
0.534448
0.474289
-0.415264
0.489975
0.676512
-0.032240
0.321033
-0.703044
0.599412
0.172409
0.895156
-0.285986
0.875747
-0.665376
-0.578810
-0.546961
-0.790184
0.694199
0.302066
-0.771872
0.873060
0.815980
-0.186647
-0.751935
-0.361555
0.269989
-0.104565
0.753532
0.372836
0.889845
-0.406760
-0.476625
0.851745
0.257856
-0.566262
0.119649
-0.194461
0.023684
-0.163704
0.699857
-0.865663
0.053708
-0.601463
0.424224
-0.203662
0.213193
-0.360703
0.475745
0.857690
0.468350
0.015403
0.112853
-0.369424
-0.331026
-0.172472
0.684237
-0.085986
0.292587
-0.710036
-0.064265
0.162115
-0.965178
-0.404196
-0.921760
0.879885
-0.423186
0.862706
-0.314634
-0.006984
0.785545
-0.084817
-0.732487
-0.110212
-0.344129
0.738720
0.848474
0.649293
-0.668574
0.878425
-0.618102
0.075783
-0.815690
-0.072716
-8.777316
-0.143791
0.836026
-0.124741
0.901846
-0.501421
0.153265
0.322577
0.894831
-0.206371
-0.019634
-0.313679
-0.444797
0.659462
0.245140
-0.119678
-0.512690
-0.523105
0.153018
-0.441418
-0.043917
0.688465
-0.932610
-0.948391
-0.128280
-0.080466
-0.865632
-0.064188
-0.438128
-0.483110
0.373637
0.194507
0.468678
0.643402
-2.663482
0.931139
-0.345372
-0.358443
-0.031588
0.505462
0.181039
-0.693459
0.685647
0.304572
0.513921
0.850871
-0.385840
0.255916
0.605215
6.537682
0.211371
0.165140
0.288087
0.401189
-0.816028
-0.022312
0.794335
-0.796052
0.299056
0.628327
0.390570
-0.550635
-0.898201
0.882952
0.572184
0.210542
-0.042745
-0.237189
0.658007
0.322799
0.274194
-0.401600
0.920821
-0.663292
-0.307841
-0.264882
-0.845399
0.845527
0.155893
-0.554733
0.716265
0.886412
0.781117
-0.678064
0.268720
-0.552599
-0.801826
0.964660
-0.193691
-0.091311
-0.494894
-0.858709
-0.770468
-0.494020
0.188815
0.537397
-0.330472
-0.413646
-0.062176
-0.488252
-0.812778
-0.898360
0.969660
0.238524
0.904011
-0.112236
-0.378244
-0.962895
-0.563673
0.395953
0.540717
-0.704007
-0.617710
0.854208
0.116540
0.345420
-0.446302
0.067604
-0.874046
-0.209597
-0.489203
-0.020612
0.722257
-0.623699
-0.230685
0.481298
0.862595
-0.861002
0.265089
-0.618356
-0.492362
-0.332094
-0.307701
-0.527349
0.870977
0.667628
0.299805
-0.222437
0.519293
-0.749276
0.489867
-0.586828
0.038237
0.530254
-0.830873
-0.221243
0.286517
0.554032
0.950123
0.751885
0.115602
0.042137
0.820636
0.872437
-0.868547
-0.323834
0.729262
0.349846
-0.902934
0.897496
0.729579
0.573212
0.928699
0.676339
0.887913
-0.131950
0.174866
0.000666
0.773218
-0.052524
-0.208939
0.549463
0.582068
0.316165
0.302667
-0.889931
-0.024604
0.020014
-0.606806
-0.361131
-0.754176
0.086793
-0.118708
0.042135
-0.228284
-0.037549
-0.890389
-0.142342
0.293537
0.650736
-0.385251
0.711503
0.739142
0.547052
-0.027848
0.922955
0.615324
0.606964
0.133864
0.229937
0.143668
-0.680291
-0.875237
0.608747
-0.785376
-0.032797
0.674531
-0.833136
0.610757
-0.673309
0.195278
-0.383151
-0.716288
0.967566
0.731293
0.064157
-0.806644
0.626984
0.318387
0.819291
-0.803862
0.034540
0.931400
-0.609188
0.791223
0.633880
-60.105899
-53.921776
-53.977716
-60.250317
-57.393395
-53.585311
-50.622097
-48.734387
-51.048610
-46.972866
-47.081630
-51.531903
-45.459408
-45.723065
-59.012656
-48.941226
-55.576781
-57.195911
-56.185222
-56.412037
-51.323692
-56.982606
-55.277065
-63.859084
-52.984042
-48.182837
-50.953304
-52.165684
-48.530486
-34.356243
-44.666201
-46.257453
-57.266593
-61.579548
-54.683193
-59.622085
-52.701101
-52.637232
-63.945240
-56.994621
-55.601794
-46.816550
-44.129208
-43.300783
-47.565820
-50.019449
-43.904915
-48.625920
8.818366
12.356685
13.137509
11.913514
13.265635
8.947295
14.803630
8.652070
12.922216
6.597461
13.391865
5.961140
13.737477
7.287735
11.426381
10.849029
4.694957
14.137666
5.244674
11.002907
7.215301
5.262957
9.590529
8.550319
6.032152
8.579916
14.266071
11.434784
8.835251
12.739522
8.976457
5.014343
6.878512
8.219466
11.221382
10.442785
8.849646
14.127204
8.176688
14.159706
8.138304
14.273151
14.952129
9.487505
7.754340
12.633367
11.861366
8.951595
1001.229401
702.748756
14.988875
12.024189
20.321042
11.556020
10.435213
17.431237
10.199980
16.763870
11.335422
8.174482
11.580544
6.506915
8.001925
4.188052
1004.728231
706.228629
19.668975
18.405990
13.653147
12.044013
16.293802
13.047909
11.150407
14.040831
11.495359
13.335456
10.380827
4.277110
9.524287
6.752898
1006.346505
705.554008
18.903132
13.993528
15.594234
15.079754
19.793373
10.681774
11.530396
10.112701
9.639832
-9.748487
6.072012
7.166549
4.286858
7.117910
-495.356089
22.701537
15.655181
18.053708
14.918472
14.670562
12.512720
17.015934
16.870937
9.055663
14.471173
14.016786
10.347643
10.901203
11.790001
1.554274
-400.337828
18.153465
15.417499
19.829542
12.904111
20.188820
11.358357
15.886921
17.796964
15.435346
8.171499
13.737591
5.926678
9.609217
11.506303
7.339397
-494.117859
22.880277
15.274141
15.446638
17.585810
17.440070
11.644834
13.393001
10.590029
10.681520
14.515800
10.965432
7.290421
12.338833
8.557378
7.612091
