-4.161640
0.062055
-1.911006
3.773924
-7.803460
1.824915
4.992741
7.718286
0.877111
4.071503
-5.059718
3.161905
1.035903
-1.130003
2.718445
0.864757
6.369364
1.514491
-5.643676
0.722273
4.517614
-1.527901
-1.749296
-12.974034
9.102245
-2.768624
13.386026
4.967919
-10.197955
-3.404528
0.854678
3.053159
0.574590
-3.156305
-3.529164
-2.559789
3.881620
-0.392456
1.162671
-8.551885
-8.384692
-1.650372
-0.121549
-0.060167
8.918321
-1.743472
-7.450087
4.154967
-8.381137
-2.666682
-9.970411
8.630439
6.982105
0.702199
-6.207929
-3.707737
0.877331
-1.256519
0.642550
-8.302746
-0.586698
6.584286
-8.975935
2.128218
-6.278261
-4.726369
0.620024
-3.163968
1.237040
5.142311
-4.084825
-4.920580
4.522803
0.825182
2.720315
-1.487775
7.459087
7.697333
-9.768352
1.439975
3.290714
3.173238
5.786272
4.455912
-1.345340
10.911723
-3.617762
-2.365087
-8.142943
0.127952
4.084712
-5.121269
1.144686
-9.388096
-6.200131
-2.717463
4.807193
11.469806
2.437591
-9.295112
-2.021749
-15.002335
-1.838955
5.025844
4.461105
5.772068
6.438088
-12.234044
-3.146695
-2.403641
5.965085
2.076283
9.060702
-11.035029
24.931171
4.343403
-2.871578
-5.606167
-1.543173
2.174334
2.405848
-7.138050
-2.128883
-1.653911
-2.196629
-0.443849
-1.781128
8.435666
1.804176
4.100512
3.481066
3.333142
-3.911452
0.411514
-4.916944
-5.233269
-4.144532
7.698634
1.635379
-7.127952
-5.910420
8.323869
2.670291
3.794138
6.738776
8.418303
-9.227635
5.608629
-4.394830
9.789263
-3.031242
-3.614209
-5.796984
-4.107986
-5.705519
-0.409933
0.993563
5.083524
-6.946379
-0.855251
-5.535571
3.534181
5.218679
1.274918
-3.732462
-3.202251
6.256735
-4.160951
0.401095
3.579147
-11.861564
3.142782
6.174194
-3.746758
1.570360
-0.631630
-4.499230
-7.692982
-3.567612
-5.692002
-5.103333
4.600194
1.678994
-5.837057
2.383420
6.532716
-4.116000
3.739952
4.354820
2.912393
9.424314
-4.120501
4.867969
7.181423
6.685548
-1.371251
-5.640263
-11.674916
1.334541
6.613970
3.395173
-7.929587
0.079520
-10.715964
-6.986111
4.484375
-0.873411
0.510962
-7.180119
4.292243
0.132154
2.000587
3.076243
-0.042684
-6.248466
1.872397
-15.073458
-8.610033
0.135596
-5.946457
6.025356
-2.388200
6.738292
-2.972692
-2.135091
3.274067
5.309959
3.914769
7.381890
-11.662587
-1.993657
-8.048372
-6.044154
1.686298
3.527121
-7.301574
-6.112908
2.870156
2.106465
-9.976271
0.676338
-11.632642
-5.842478
-3.894453
-7.817960
2.292007
4.596847
-6.167364
6.227863
-0.450934
1.273422
1.782989
-11.211804
-13.025260
-9.616410
-6.300990
9.162353
7.348244
-5.734746
-4.040741
6.238464
5.287044
3.568539
-8.215711
-2.706191
0.363480
-7.377854
4.490980
9.844500
-3.832830
-7.691582
-7.256152
0.053462
-8.160561
-4.390893
-1.183408
-1.038590
-5.211375
-2.936459
-3.192599
0.333837
12.957408
-0.189249
1.527589
6.891962
4.397656
7.725728
7.816048
4.194612
5.826295
-8.446711
-11.269630
1.947088
2.091126
-0.785409
10.803003
-3.384392
7.135203
9.887550
6.645054
-3.887979
3.053147
1.853412
-2.237721
-4.413071
0.876709
-1.812491
1.942350
-5.278195
6.794365
0.994777
-7.181178
8.114980
-5.105864
0.610200
14.756772
6.067481
-4.054278
-5.986152
1.193505
-13.777080
7.304651
-5.534413
1.666376
-7.299922
8.499460
6.481956
2.302691
-11.131684
-1.590937
-9.692248
4.111922
2.775590
-5.024957
0.165467
5.957050
-2.072385
-7.273952
-1.090146
-11.297130
-3.238985
4.900850
0.830169
-5.364081
-5.217333
-3.267422
-6.835188
9.594969
1.456071
4.143340
4.581085
-9.583551
3.233307
2.484640
7.937019
3.030892
-6.059012
10.885262
2.332140
1.082993
3.501772
-9.584629
-5.674783
-0.837277
-7.038960
-7.087234
-3.239176
-7.714256
-1.693891
-3.733380
9.945876
-2.966727
10.757377
5.511912
-8.930120
-11.508273
-8.355123
-5.311252
-5.623161
-9.331367
-0.907849
8.924626
4.489179
3.176170
4.497549
-9.296475
-4.280492
0.225152
4.195633
0.973092
-2.354002
-1.532929
-4.094948
-1.147762
-4.475625
-3.640011
-1.423386
-2.039760
-5.005706
9.952084
-3.621496
5.286525
-5.022220
7.043646
6.128433
9.922876
9.599194
6.100908
-4.631601
-7.925150
-0.354057
-7.091946
8.164177
-3.659921
-7.617489
2.501250
-10.263817
-9.284965
-4.590157
6.665129
-2.491050
4.563543
-2.208764
3.429236
15.558044
5.054062
11.411767
8.833634
-6.373117
-7.157829
-0.599925
7.193773
-8.062220
-1.568299
-2.428291
-5.380963
5.034663
-4.110037
5.073766
2.653039
1.261698
-0.961366
-9.993895
6.089021
-5.632587
6.229405
1.774648
8.955983
1.693752
4.363271
0.278725
8.238914
-2.299998
4.395617
-1.435583
10.021494
-3.585754
2.577673
-2.627990
5.603865
5.383054
12.212749
5.618580
0.872155
2.924647
-14.545216
0.015758
5.518463
-3.223180
3.752316
-2.051772
-0.607514
2.438398
-9.287395
0.824497
-3.918775
-4.713319
6.593439
-3.408543
4.597173
1.029765
1.623891
5.322637
-5.442819
-1.910046
-2.470619
-2.750019
-0.542718
-5.128911
2.963264
10.279299
-0.003731
-6.203644
-4.158032
5.064732
-8.321098
12.001486
-4.174620
4.100136
10.559154
2.855421
-8.122665
6.810338
-6.610018
6.423909
-5.623542
5.364139
6.169330
-0.677174
9.584379
-5.322668
-8.637013
0.266330
-6.190823
6.597897
7.201614
-8.960717
11.188354
-5.711923
-7.528252
-0.166105
1.645232
-10.824246
-8.695040
-3.970400
0.923490
4.441895
1.309281
5.902358
-8.343584
5.638484
-2.519131
-6.174262
8.516109
8.175446
-0.059453
-6.300034
-2.483108
5.411823
-2.300151
-0.233990
-3.407600
-9.996763
6.103720
-8.097803
-2.367218
-2.276051
2.952557
-6.996272
4.785193
11.243285
0.788199
5.497507
-1.593833
14.809454
-1.521607
7.920869
1.945595
3.942948
-4.004900
-3.953459
7.742873
2.185351
5.394852
-2.458366
-0.715447
-5.652492
-7.667963
3.506358
9.979391
-8.541695
2.134996
-11.585602
-14.249859
7.067548
7.351911
-8.144266
5.804646
-8.789372
-5.945736
2.797735
0.253422
1.784993
-0.495949
-2.178266
13.034587
6.566821
10.313461
-0.088281
-1.603735
-1.080060
2.358663
-10.378655
4.070215
-6.172855
1.233273
-1.084554
2.581215
-7.458424
-9.720557
-5.773064
-0.215375
10.033297
6.680492
13.635223
-2.591085
-7.629459
-6.265555
-8.181982
9.037892
-6.196409
0.914074
-0.760512
6.478022
-4.033036
-10.553174
-1.078821
-5.630364
7.040484
3.346477
-10.129692
4.585116
-4.874306
-3.753424
-2.045557
-1.306088
0.228571
-3.107917
7.743550
0.486030
1.825725
-9.476811
-1.662348
2.686365
4.694211
1.640784
0.279073
-4.120391
9.329787
4.650350
-3.584835
-1.977547
3.852501
3.256309
-5.807352
3.833867
1.766379
5.442629
-0.129128
8.895640
-2.778999
-8.916956
10.571304
5.066687
-0.978765
-10.603016
-1.252645
2.117427
-2.188693
-4.786772
-2.686540
-2.528826
-3.900819
10.464803
7.551001
-4.512496
-8.861754
5.808098
-5.902068
7.727825
1.539127
3.120955
-4.535336
2.769228
4.286926
-4.332249
-3.643868
-1.300764
6.770777
1.008791
9.344232
-3.403304
-2.810604
-4.515422
-6.064024
-1.616341
7.266215
-1.576499
2.727566
8.597812
0.684481
-2.234455
2.903586
-4.341424
-3.080542
8.819295
-6.545591
-5.063280
-12.781945
5.098347
3.390058
-6.086067
-6.719255
0.718703
-5.985059
-3.318788
-4.067557
-0.475056
15.106674
1.914733
8.095340
1.696159
-2.446391
-1.138049
5.227554
3.501977
-7.863350
-0.599573
-1.661636
7.269464
-0.720975
1.040989
3.365352
1.437465
-4.502254
-7.899133
-10.035866
-7.079777
7.310371
6.236434
-1.135422
0.914028
8.384632
-0.851768
-1.298070
0.429550
3.374001
7.624892
2.032455
4.855126
-1.313521
2.741849
11.041444
8.693683
5.160273
-12.633561
0.960484
3.686821
6.277827
2.249965
4.183849
5.856242
5.727104
-4.819285
-1.606970
-4.552707
3.138407
0.674551
-2.712477
-3.440774
3.944010
0.661188
4.222043
7.192826
2.295572
3.268246
-5.498011
-5.060201
-1.400580
6.119037
-3.656147
11.189499
0.003489
-23.123764
-1.759366
-1.086529
5.829128
-2.636154
5.997185
5.375971
3.777547
-3.939591
-13.236637
-5.815175
0.103379
2.686946
6.430238
2.628573
5.566281
-2.362559
-9.327687
0.635198
-13.110503
-10.805502
0.773835
1.976161
1.920327
0.542389
-5.166713
-14.274910
-1.788013
3.417912
-7.482019
6.587860
-7.789740
-3.036283
-4.385001
-2.223539
-3.341147
-5.168004
-3.563676
0.898096
-7.387271
-2.545536
7.101029
-0.904876
7.475139
-6.011482
-10.923117
-0.394177
-2.447638
-10.292612
-10.757013
-0.942661
-0.551667
-8.100536
0.505023
-5.920150
-0.222492
-0.247495
8.711661
0.510252
-29.577001
6.079567
-5.482837
-5.625603
-6.404374
-3.572517
-2.283015
-4.828348
-7.492685
-1.261765
13.311806
8.391962
-5.999029
-1.996069
-2.590627
-9.835822
1.128579
-8.904244
-10.793272
11.393799
6.999343
-14.101259
-5.578551
-3.920727
-0.501853
-3.435863
-3.507704
-7.728693
-7.768698
5.728697
-3.689153
-5.572650
-8.417122
-2.630993
0.456463
4.926723
0.638760
-5.663717
3.783479
5.560085
-0.306616
-7.369244
1.899910
8.104442
-6.967456
-3.390287
4.152542
-4.855775
-9.912694
6.308492
4.045349
4.267495
-1.196846
5.877736
-7.242955
2.075351
-4.725368
-2.758083
-0.280048
-4.941500
-8.215180
7.795903
-8.145695
-4.359708
-3.694333
2.484588
3.217105
2.375312
2.708239
2.342582
-2.953150
1.278425
9.767917
-10.344187
1.870135
9.771588
6.726404
-6.454601
0.930318
1.110099
-2.241829
8.381104
1.110950
0.569054
11.134187
4.515756
5.116222
-0.568184
4.702625
-2.973075
0.650372
-5.628965
3.120364
-7.565051
-8.595294
0.559009
-4.766405
1.472280
3.553037
-2.272864
1.440726
-9.968035
-1.552776
-6.819348
7.429970
2.439401
1.743246
3.451186
-9.236503
1.235680
-3.672492
-6.689536
-8.050370
1.474753
0.230126
-4.163610
-8.242609
-1.577054
-2.931662
4.863251
5.254716
-1.017555
-13.385742
-3.192838
4.175239
7.329653
2.209046
-6.717739
-1.814632
-9.241608
-10.615005
0.048917
0.849264
1.150305
8.476469
-4.006754
-12.272818
-0.783100
4.914417
-6.088148
-11.604335
2.393997
-2.603543
-0.638360
14.129287
12.010956
-5.953631
-8.221289
-1.890351
-0.509767
3.764697
5.731827
-2.929009
3.014829
-2.882359
10.359550
7.303586
-5.240178
4.588601
4.852196
4.751011
-17.074222
-4.004738
-7.138163
6.545464
-18.555086
-1.117910
7.494289
7.150077
3.045407
-3.092900
-0.890112
1.727278
-0.579005
-3.105340
14.954909
1.017968
5.083314
10.544201
-0.271296
1.101855
2.541148
5.296944
-10.242926
5.863050
1.572024
-0.948141
3.248302
4.556035
-2.472063
-2.622564
8.261019
-5.842017
-0.875605
5.786859
-7.576046
11.116142
-8.081427
3.700727
-0.549939
1.733277
7.405675
5.859492
4.048582
0.610313
11.331341
-3.844612
-5.817434
-0.821187
-1.892064
10.017468
-2.174303
0.231718
-2.423611
2.108859
12.432842
3.771558
11.922489
-3.378944
-1.580973
2.272140
4.157735
-9.931928
7.446155
-5.230347
-9.691965
-3.029157
5.062080
0.113014
6.320204
-2.765235
-17.456563
9.906212
-8.644325
2.259722
-2.277021
-3.717000
2.271431
-4.408237
-1.138658
8.687919
-1.083012
5.357134
8.046925
10.053408
-9.139566
1.959737
4.448662
4.407777
-10.537694
-3.622763
-1.579902
-0.355275
0.533580
8.402412
-4.017437
7.837865
-1.815206
6.206992
0.721228
-4.863814
-4.682624
-4.783362
5.580467
6.631182
-1.492525
-5.828468
2.230761
-4.070745
5.179714
-5.446969
-8.409213
0.454830
0.419688
2.346621
-12.772242
-3.661153
2.086752
7.373630
8.890684
4.255121
1.303458
4.321338
10.418672
-4.012388
0.464758
8.145216
6.999753
-0.619958
5.400252
-6.265322
-5.189578
-2.553018
-11.583424
-7.277909
1.778730
6.752784
-1.999029
-7.467240
-6.559841
-4.427764
-6.031169
13.261905
-8.835539
-2.843492
-3.691166
1.729181
7.113941
-11.109806
0.793514
-3.966270
-3.890256
0.394532
4.193616
0.376343
7.306297
0.887151
-16.035655
1.775051
6.772446
-14.265918
-7.202532
1.692104
-0.963485
-9.215473
-5.136315
10.157932
1.028746
-3.097796
-0.208063
-2.479400
-0.424386
1.794280
2.147651
-7.960593
6.477337
8.415890
6.282836
0.936364
4.307683
0.587391
-0.101829
-3.405976
9.142377
2.815165
-3.140411
10.146747
-1.336604
7.898905
-1.414501
4.705464
6.877652
4.388760
-7.643690
1.544045
2.806091
-4.676969
0.938382
-0.488001
-9.147422
-5.001791
-7.149251
-7.874840
-8.663437
-10.637791
-10.040581
-8.876670
2.188026
6.621209
0.011815
3.145044
8.763356
2.128030
-8.464122
-2.518973
-1.643871
3.292907
-0.585266
4.974838
3.002369
-5.968968
3.319123
-6.522945
2.038516
7.732018
2.589323
9.566096
2.900309
1.066458
-1.579261
-0.513915
-3.874052
-0.764505
5.679617
-5.130569
7.805720
6.573230
12.397906
-2.948964
7.456859
4.362827
0.857565
0.900169
4.969176
6.112921
-5.342083
7.779639
-8.027808
3.701281
6.792988
0.761687
-0.454687
0.016697
-1.791611
-12.816293
2.170257
-2.238880
-7.098589
5.200243
8.264689
-2.500664
-9.679339
9.738857
3.418431
1.794291
-5.706204
-6.225869
9.522705
-1.411765
5.157703
-4.258044
-3.537108
-7.036468
9.205816
-6.514379
-4.168079
3.100588
-5.434485
1.016255
1.308325
-4.026679
-7.612961
5.191254
-1.880351
1.362162
-7.502877
-0.312953
9.827025
1.715416
-8.725355
-6.522079
-6.789305
1.253399
7.397695
13.356277
2.139279
-3.407709
0.850384
5.960115
-5.389123
-3.574062
4.663180
14.106396
-13.018726
-3.117115
-8.667735
3.925061
-10.683686
2.692829
-6.962723
4.533452
-0.074593
-1.757558
-5.438004
8.992707
-0.494019
2.016385
-1.262765
3.037434
3.656843
-2.789313
3.901007
-7.213024
0.044284
-4.064066
1.528780
-1.729316
1.984848
2.052003
7.795613
-3.918167
-0.389340
1.628367
9.634563
10.915598
-10.280200
4.443494
-12.230844
0.910294
-14.915835
3.458716
-4.142902
13.727762
-4.017355
-0.158757
-4.951810
-0.574387
-4.798314
4.739040
3.232800
2.496071
-9.769578
0.706644
-3.404150
-2.331484
3.040375
7.441592
1.281698
6.598793
0.051654
0.174884
5.604314
3.981128
-7.051926
-3.386447
9.487176
14.494913
-3.135721
6.472767
1.186592
2.235730
-1.145958
-9.540354
1.637072
2.644152
-1.363981
-6.207751
5.956747
-6.522631
-5.983863
-2.289586
-8.865289
-0.435199
5.953578
1.002996
2.647223
-3.260908
-5.769860
-5.843882
8.932022
2.652087
-7.700307
-10.554511
-5.062290
-0.573199
-6.834210
6.472446
-8.762716
5.555275
-1.040839
-14.838679
5.209799
-1.831878
12.342073
-3.227955
-5.199438
4.332664
-5.839389
8.522133
0.881065
6.353667
5.632544
5.311167
-7.160172
7.046328
-5.063901
-0.916081
3.052007
-13.954514
-5.692842
-2.974652
-5.915318
8.081093
1.250424
3.411796
-6.917499
-2.603912
-4.858266
-1.193120
-6.115735
2.775800
-4.353937
-7.608866
-18.651933
6.793483
-5.817321
6.405667
-5.351164
-1.791220
-2.967315
2.398525
-2.055132
-10.961642
4.291458
3.142931
-6.961552
-3.875182
-6.476684
10.547292
-8.301229
6.219015
-2.882507
-3.043331
-5.001594
-2.893355
-4.189567
-3.136085
0.229500
0.927675
-2.666238
-4.508294
3.215419
-0.774646
5.002628
4.423236
-5.746598
5.908631
-2.505370
-2.682382
6.820439
-5.012929
-0.468891
-13.105575
-2.342429
-17.323610
-9.155306
7.890898
-2.178377
4.443248
-0.504573
-7.417868
-9.687110
13.130675
3.799756
7.395842
4.160747
-2.706736
-3.196027
-9.994982
-5.226186
-0.200269
-9.108409
2.336852
-3.988624
-1.265124
-9.273872
-11.214652
8.009979
10.685892
1.602391
8.052366
1.943513
-3.514558
-0.677447
5.948018
-6.216482
-4.470925
4.139056
9.737835
-6.365071
-3.070990
-7.966009
2.731093
2.020943
-3.246859
5.883068
-0.672467
-6.656783
-0.513892
-9.439021
1.249458
-7.889982
1.681235
-4.466443
-9.790998
-4.250054
-3.400930
-14.055473
1.385825
-2.686229
-4.822467
-6.426328
-4.086133
2.231415
-1.269481
8.919228
-5.338512
2.610262
1.112480
-2.154082
-6.682893
7.695793
10.961531
4.320499
5.251317
5.708434
-8.597127
-2.210014
-1.287631
-3.321202
-7.992662
0.090286
-3.262408
-10.888876
9.135796
-4.322567
-7.795175
-1.897299
0.992881
8.491525
-5.460296
-4.650251
-3.903933
7.434400
-1.218422
-0.841178
4.098155
-3.390199
-4.301422
1.900830
-0.224500
4.796096
6.937856
10.710790
-0.314046
3.000916
1.173224
-2.040617
-1.083292
3.943974
6.041651
1.660616
-14.534359
-4.909872
1.495472
8.072883
5.609016
2.634309
-1.836159
0.393982
-6.328312
2.135986
4.762851
9.013414
-3.195144
-4.004004
2.822626
-1.378477
-5.174824
8.301423
-3.248919
4.082125
3.624610
-13.278662
-4.239951
-4.582654
-5.139194
1.835148
3.048349
1.985187
-3.130932
3.084231
-4.158224
5.761122
5.251121
1.393829
2.366008
-2.855961
-2.934641
-4.961602
-4.357581
8.671905
-4.483111
7.494456
-4.030617
6.914710
-11.339809
4.635182
1.085958
0.222639
-2.726053
-7.243558
4.666546
-8.919201
-0.859607
-8.481497
-6.591470
4.681989
0.845078
6.868770
7.295002
7.012432
-2.551378
-0.017192
-4.411013
5.010271
1.652007
-8.286196
0.040798
7.196477
-4.087846
6.180757
-1.352244
-1.380111
-9.778021
1.894923
0.431532
2.614672
6.048048
-6.042195
5.975566
0.450232
1.029901
-0.422778
-13.691010
1.485943
-2.827206
3.328196
-3.776898
10.957525
10.126588
1.733948
5.809243
-4.736095
5.290644
-0.250822
8.881269
-0.181917
4.153772
-1.314373
6.857480
3.528068
-9.564407
0.258456
-8.751428
-1.284319
-5.181219
6.648331
-17.923752
-6.022780
1.672452
5.455570
3.606498
-5.579513
-5.445922
6.608005
5.671996
-2.143153
-1.846417
-6.044874
-7.965149
-15.861207
4.551368
-3.702614
11.706795
6.929637
0.274007
-5.102447
2.119201
7.065803
-1.920693
4.956787
4.156553
-4.790715
-0.321499
0.764305
2.390633
2.440566
-6.647227
2.130354
-2.581577
-10.824691
8.445241
2.632949
-2.712697
-1.834116
8.226121
-7.569389
-10.687183
-9.148676
6.059847
-3.225546
5.087773
9.977688
-2.643883
8.136821
6.234195
0.754361
1.588904
0.137856
7.485928
0.405969
-7.631585
-0.149887
6.095882
12.312133
-0.195677
5.826790
8.016915
-2.970939
5.340840
2.814523
6.790493
6.410238
-7.801350
-6.678555
-2.521259
5.863939
6.268345
-7.076443
7.756318
7.189838
8.862651
-5.248040
6.449531
2.356341
-8.610567
3.221926
4.841903
-7.531339
-6.772342
-2.524013
-5.350101
1.433962
10.624556
-1.297981
2.889269
-1.620691
7.866234
1.907081
-4.342537
-0.066044
