-2.337204
-0.705460
-2.781043
4.488895
-0.000445
5.265685
13.602871
-6.426088
-7.033547
1.424368
-3.088947
-2.562617
-9.633036
3.262810
1.723377
3.474278
7.339929
0.026154
3.326305
-13.779802
-10.158021
-15.880636
-0.329380
0.915753
-0.812904
0.966446
-6.443276
6.483628
1.655040
-4.224669
-1.629244
-0.208619
2.775163
6.797355
3.455534
-6.039904
6.630114
-6.346646
-9.474223
-6.547514
-1.536118
-0.449630
-5.007176
-3.741374
-8.612613
1.421295
-5.682126
-1.008710
1.338430
3.860573
4.305646
2.548635
10.707485
4.096037
2.772599
-4.733199
6.289909
-7.871784
-1.855297
2.280451
-1.501008
-12.433908
-5.456716
21.078791
-4.704786
-5.992208
-5.642149
2.374561
-15.699784
9.864798
6.620268
-4.785438
10.570710
-14.054725
-8.468208
1.978868
6.566728
5.868630
-7.186140
-2.089909
-1.708214
-2.665735
1.799183
4.107462
9.584131
-7.432834
-6.451853
9.789965
3.201307
6.252547
9.404173
4.625185
-2.797232
6.693573
-25.879937
7.059200
-3.071647
-1.892867
-2.342349
4.748045
0.817601
3.753281
4.925446
2.767981
-5.985479
-4.981998
-5.018848
-3.961849
8.541871
8.350805
-0.817343
-7.340133
-3.474965
-2.530124
-4.961712
6.530276
-5.720762
-0.813946
-3.395176
5.762060
-6.181047
7.673549
-3.114490
17.126950
4.956534
7.537700
1.154636
-0.489576
2.016980
-6.051409
-5.059694
-6.546832
1.832276
-10.770482
11.388863
0.108107
3.701921
3.643985
7.107123
9.137808
4.124688
0.821415
-2.416081
-1.291379
6.598073
-3.400782
-4.362822
-3.654042
1.480195
7.454353
5.181755
-8.346358
1.361198
6.266245
7.588790
0.829109
3.080329
5.151291
-1.778451
-1.470951
-1.432004
-6.115911
2.312542
-8.751108
-3.534950
-0.233077
9.991018
2.773741
-3.804307
12.907618
1.069878
-1.772957
-6.295305
-1.320090
-0.769820
3.187805
-4.787792
-3.928728
1.705913
-1.155328
4.197057
-4.435839
5.088060
2.569285
-0.916450
-0.107629
-2.189589
1.175843
-4.218221
-2.682873
0.315895
11.174545
7.767503
1.640432
-12.026016
-3.488592
-2.191044
1.567427
5.297384
-0.916687
7.447062
-9.216410
6.766740
-4.150423
2.065391
1.782983
2.518203
-4.231597
12.434296
2.435841
2.439082
-1.163392
-1.632560
6.476940
-2.890632
3.616259
-5.100339
6.894031
13.837914
-1.096449
6.037618
-0.726572
8.087492
-2.200934
-6.852757
7.610717
5.222199
-9.859907
-5.428396
0.438891
-1.701801
-5.414996
-7.737320
1.645059
6.519193
-7.948845
3.058699
-4.782634
5.165736
-6.256260
10.145555
-5.142962
8.903279
-6.674521
-5.993210
5.203877
5.697958
7.970771
-1.696794
-5.952915
-6.476253
0.231911
-1.385555
7.346158
-4.597604
3.484520
-1.749222
-9.450419
-9.320621
-6.012520
-0.612152
7.685007
-0.014583
4.594066
-8.969651
-6.900533
7.362772
8.442289
1.234153
5.995032
4.551081
-3.540553
-1.251133
6.858264
3.137917
3.339250
3.894858
6.693621
1.012920
5.653841
-2.184006
7.674109
-17.281305
-6.479814
1.847778
-2.028741
-2.692038
-1.774142
-7.149060
-4.559635
-3.248442
-0.298974
-3.634162
4.634699
-6.819243
-3.044362
13.201590
3.871818
-10.616543
4.047839
-1.768326
-6.036398
9.916038
-0.464165
8.521510
3.043166
-9.680902
5.709399
10.761603
-6.720245
-6.975252
4.482238
0.985610
0.214133
-2.951544
-2.791390
-0.050324
4.570714
-7.419093
0.656059
11.105804
6.833672
-4.904454
5.832313
1.724330
-4.622814
2.291404
-9.354773
6.723464
-1.026664
-13.893116
-1.944409
1.686893
-2.742871
-0.734019
6.467890
-3.130688
3.327777
8.997511
-11.323115
6.650094
-5.588397
-6.427556
-6.609653
4.781871
-4.861008
-7.141346
-1.629811
-2.068404
-6.552180
-6.388512
-4.527312
10.791113
-1.473618
-6.831444
-3.036383
8.191111
-10.252795
-0.518498
11.932880
-9.097848
-7.151913
9.387106
1.825571
-1.317855
2.292737
6.732124
0.608258
7.807671
-3.044727
-4.641377
-8.240461
-18.291557
-4.352526
2.570657
-4.094654
4.220499
5.610978
-3.101447
-11.477776
1.107964
2.480376
-0.328774
7.838437
3.371790
1.203228
-6.870767
-2.127965
-0.295329
1.737553
-5.913308
7.558708
-10.955764
1.575576
5.646759
-7.416989
-5.563016
-9.472882
15.210781
-3.153513
-0.874390
2.265708
0.011686
-3.037891
-2.303112
-6.455844
2.906900
-6.240928
-1.441031
-5.013505
-1.071717
0.340132
-4.612990
-1.703219
-3.144845
-2.737182
-7.705900
2.806264
1.711881
0.095076
0.569748
2.779452
-5.091011
-9.647504
5.299034
-3.727103
5.170489
-1.808223
0.994498
3.929758
0.647917
-6.905692
0.327288
2.818853
-8.469334
2.296167
-6.762232
-0.963707
-2.751231
0.985015
-5.235262
-9.077602
16.930592
2.667129
7.826654
5.091066
2.062643
-4.462735
-2.166643
-7.308724
-5.779155
7.897835
-2.386865
-1.924131
-8.435069
-1.633232
-0.148772
7.477525
6.743553
-1.418127
1.973445
-9.258240
-4.291559
6.786798
7.037947
-9.464689
-4.556885
-6.227795
-1.528317
0.208793
10.057345
0.118858
5.348665
2.862941
-8.581842
-6.472763
-13.358761
-5.808630
-8.222073
-2.369571
-3.109559
-6.827921
-1.214786
0.681545
2.184758
-11.876804
6.023705
-1.567707
4.299251
-10.303908
-13.229725
-1.063591
-8.503038
-5.109605
-4.212831
2.370826
6.698751
-9.147029
4.420324
-6.008782
1.043210
1.058622
-7.278526
-2.661695
4.972020
-5.080309
-4.443073
-7.844156
-3.894339
6.444693
0.405358
2.030326
-13.799053
0.013559
-3.236185
-0.667887
6.052420
9.026330
2.364803
-10.148863
-1.664085
-1.764243
0.389576
-9.526329
-0.647947
-18.543473
2.552709
-3.880385
-0.655442
2.986398
7.599553
-0.164860
-4.215769
-6.147005
-8.968326
-1.816457
10.453618
9.848045
-0.051887
8.819934
0.604148
7.215526
2.946684
9.093216
0.163888
0.365018
-13.965530
-1.495132
-4.379055
0.787295
-5.607133
-1.263041
4.535983
3.022420
-4.430465
3.475552
-1.207141
1.544055
-1.412804
3.090691
-1.368098
1.775809
-7.947388
-8.388583
-0.000100
0.116953
1.646792
-0.369212
0.020427
4.635629
5.719627
-7.007368
6.012617
3.758853
7.570528
-5.499119
7.521100
-12.838260
2.546419
6.864924
-4.371201
2.566575
6.030884
9.014704
-2.367721
1.931402
1.417850
-9.170291
-0.025417
-3.386170
7.669105
-7.390798
13.103663
0.547562
-5.869787
3.638003
-4.891787
-10.962973
3.400729
4.257392
-2.353363
-2.792756
-1.608668
9.980660
2.719960
1.920994
-9.075975
7.444847
-1.348934
-6.012338
7.734784
6.932740
-4.430253
-8.252732
-0.869818
16.654882
0.429582
5.264268
3.049802
-6.957658
-2.240562
-9.402163
-1.249961
1.374079
-3.601258
-7.665151
-5.334164
3.947712
-1.616990
-2.246006
-0.829726
-8.820720
-2.259597
-4.205111
-3.583815
-5.883229
-7.375411
-3.503803
-7.508298
7.110786
-9.524584
9.124822
-5.278265
9.617432
1.193481
2.080549
6.805944
-4.659440
7.150093
-7.698377
4.361240
4.682286
9.238811
-9.957477
-3.639433
-3.821006
6.147328
-4.090559
0.350616
4.149628
-5.370708
-0.443115
-4.521317
1.366904
2.277517
1.409940
9.201072
-14.598262
0.863177
-8.305967
-9.141136
4.397609
2.695700
8.379067
0.320927
-5.293012
0.320003
-4.134067
8.335728
-8.325761
5.923478
2.701767
2.279434
-2.930725
-2.976419
4.500940
-7.657103
-2.906804
-4.361428
2.963320
-2.311914
-11.104859
2.658623
-3.817533
6.099622
-2.695078
6.227862
-5.377747
3.329356
-12.469371
8.981383
0.823287
4.614938
5.023625
1.619997
-5.479139
-10.499047
1.779769
1.712218
14.258416
4.922668
-14.100460
-1.554845
1.050052
-10.299243
-12.651902
0.421862
-2.629900
5.551519
5.302880
-1.582315
2.326894
-3.498503
1.738890
3.506628
-9.980699
-19.267801
-8.135484
13.298306
-1.945034
4.357449
-2.663988
2.611569
4.097198
5.493754
8.624938
-7.395752
7.707279
1.486023
-4.906046
-7.029775
4.736959
-3.293269
7.787111
-1.342290
3.420932
4.017121
6.154374
1.138848
-4.735199
0.727666
2.501056
-4.961560
1.578669
-0.470180
10.537233
-2.289230
-7.642168
-8.281391
-8.981078
10.139943
-6.419267
7.931893
7.184478
11.121197
3.829161
-1.781393
-9.785143
-6.008898
5.851778
-6.146484
10.522912
4.072986
-2.503888
-0.230034
1.013096
2.426677
4.558761
6.975085
-4.612606
-6.062078
7.723197
4.975764
-7.625823
6.596067
-6.006500
-3.224319
7.819964
-4.518230
0.136775
5.425194
0.205879
-8.391555
10.249378
9.827698
9.546733
2.751376
2.291388
-6.510771
3.902019
-7.809991
-2.368206
-1.353492
-3.148476
-0.296360
4.256058
-1.750061
9.102966
9.739895
11.654586
-1.154983
-1.153828
1.138108
2.491894
-13.591290
-8.972631
1.251367
-2.364628
0.508740
-9.048920
2.716363
1.293432
-0.762510
7.537233
-7.357875
1.004581
-1.622824
2.018404
1.803349
2.255125
-8.624480
5.445411
5.425454
8.217686
1.962547
0.881524
11.962999
-8.978392
9.080145
-9.239995
11.922350
-2.456299
6.778761
-10.337890
-5.848500
-2.273273
8.576578
2.628521
-0.171889
10.911559
5.809061
-7.766572
4.166357
2.425398
-0.574295
6.813373
9.702977
0.474103
-6.621169
-7.631291
5.902132
-8.712189
1.437420
0.402793
-7.643649
0.332221
-6.068578
0.851780
7.845540
-6.150891
0.381918
1.274367
-3.525397
5.093493
-6.668649
11.030681
-9.720570
8.328248
4.843259
0.954887
8.084117
15.145448
-9.847264
-2.212428
3.531732
-1.547961
4.875589
-5.522102
-2.783049
-5.261373
1.564710
3.930339
2.046619
-6.184614
-3.224133
2.717491
6.866284
-8.157071
-3.129831
0.851519
6.529332
4.455294
-8.449379
5.858801
-0.632721
-3.995399
3.282045
4.386223
8.540015
2.355534
0.192073
-3.006270
1.708321
0.678613
11.829058
-3.933572
-4.779475
-7.198006
-18.908402
-8.498405
-7.849943
-7.295992
6.619157
3.197965
-4.275794
0.314330
-2.685434
0.154417
26.732150
-4.854532
1.462456
-2.470931
3.015078
-12.504362
6.277381
6.604334
-2.688417
3.156629
2.410929
-6.266306
-12.732643
5.360205
3.116512
6.700465
-5.753619
-6.782420
1.690947
6.898657
5.124427
5.009677
-0.180850
8.722259
7.232899
-3.500738
-0.092454
-0.429217
-7.397176
-2.427527
6.222664
7.454547
-0.376491
-1.755526
-6.275155
-8.162939
6.554127
8.966165
-4.909009
-3.953509
-9.630290
6.000765
4.339070
-1.503537
-4.823832
5.651697
-2.575843
14.302944
9.938238
0.607457
5.945933
0.292471
-1.917996
-1.973353
0.774203
11.265324
-1.770788
9.071351
1.977323
-10.091224
-12.070610
-5.236779
-3.439166
0.163829
-6.516212
0.470732
12.163777
-0.406452
-5.104140
1.855904
1.702172
5.649603
-4.645069
1.542366
-4.109002
-1.716480
-7.445741
1.894021
2.220131
-0.726494
-5.130521
2.254430
-2.259063
5.942169
8.314376
-3.590842
7.947388
6.858168
6.655793
-0.091188
1.810506
-5.858561
10.627611
-7.655363
2.359607
4.693921
9.073512
6.212806
2.382922
-12.520282
-6.691797
5.589805
-9.136389
-2.906943
2.625246
9.552812
4.331209
-1.732632
-0.241142
-1.749762
0.230080
-1.364442
-7.983213
11.635471
5.582359
2.238619
-13.336868
-13.617293
-8.922555
-6.575192
5.495509
-6.304987
-7.251764
-3.140227
7.267660
3.354896
-5.153760
0.315381
9.663609
0.505932
3.439153
-1.328930
0.862197
-7.027593
-10.431416
-5.779515
-6.990675
4.045135
-2.285526
-4.087828
3.618128
5.080283
6.209833
9.673926
0.021811
-1.668365
-8.766927
1.525208
0.707703
5.143632
0.979244
-4.980003
-10.271300
1.725356
5.511765
-27.069973
-5.582840
2.985568
-1.778056
-1.432243
6.396883
0.519017
10.009760
-3.454704
9.981180
5.414481
-4.639863
-7.721001
2.883845
1.824086
-0.815224
-13.402197
-7.260648
0.489148
2.092463
-8.886708
-3.544590
4.576498
-4.824061
4.527684
10.043660
1.189413
4.423617
-0.377078
-12.992959
1.181776
3.299855
-3.775082
1.709275
-1.662340
3.048399
8.421818
7.061036
-0.313675
-1.976629
-10.589233
-7.392445
4.032785
-1.548809
4.094036
-1.089379
6.792807
1.346059
3.091838
-2.604373
-2.586044
5.105633
0.578971
0.855025
4.996003
7.164296
3.080754
-9.877965
3.087479
-19.024081
-1.156197
1.565865
-4.065072
-7.442264
-6.432497
8.397105
-7.947900
-0.224015
4.381182
-1.229526
4.867500
6.183369
5.730857
-2.935110
11.571382
5.864651
-1.202750
1.638349
-0.798881
-6.089812
-4.375825
-3.963007
2.330446
3.181974
4.654316
-0.927443
-7.288195
-9.812932
-6.595550
6.754858
4.789532
0.297701
10.738771
5.171309
-7.304517
6.192853
-4.573314
-9.118515
2.610568
-2.908204
6.174715
-8.985627
-6.510132
9.878474
-1.811921
-4.328944
14.030098
3.628696
-9.639807
-2.436176
3.559470
-6.677973
0.678784
9.878021
3.731973
1.664193
1.331834
-1.698283
1.405056
2.140304
-1.830971
1.516026
4.807761
-8.920298
-3.671961
-3.975832
7.662396
-0.569839
-2.509649
-9.466194
-4.254515
-0.961735
3.657967
5.743119
1.171019
5.372714
6.568000
3.499544
0.223852
9.094317
5.681637
-8.950667
4.744562
9.306516
2.710812
15.167573
-5.651504
4.618564
-2.269010
-2.869188
3.053368
6.288380
-0.491702
-0.718171
3.534213
2.637798
4.584245
6.947663
-11.270875
-3.299063
-8.056669
6.139633
5.933702
1.559374
-0.036138
5.174169
-1.225110
-5.052540
-7.526789
-1.454585
-1.755165
5.336306
-1.122258
8.420775
-12.627782
-2.178320
-7.811406
-3.828785
9.426960
-10.119898
9.466413
4.092443
0.622844
-5.762136
1.596454
5.680405
3.465605
-4.791523
11.475204
7.589001
1.141043
-0.616075
-1.188463
0.276576
-3.622651
1.664126
-6.802804
2.653684
-12.663531
-0.873953
-4.631734
8.210592
-0.208566
-6.218585
1.888830
-3.595141
2.930893
1.235198
-1.264793
5.428771
1.197724
4.986360
8.200020
4.900704
-3.263044
-4.049472
-9.509864
-7.287900
5.159662
1.078963
13.078930
8.795087
2.085986
-1.924084
5.478907
0.219346
-2.267663
11.875848
-0.715288
-2.704048
-8.921303
-0.980693
-7.634199
9.939364
-4.081182
5.403870
2.479728
-0.274650
0.963569
-1.210467
0.583864
1.448143
0.649707
2.146896
1.895631
-8.371590
2.914571
-14.288109
-5.603320
-4.694165
-2.089773
2.806811
5.165318
-1.618186
6.193374
3.482866
6.263828
2.488285
-7.982027
-7.406754
-10.721367
3.140678
-2.926167
-6.420538
-4.591402
0.954664
-5.873819
3.296552
0.242070
1.529887
-3.171011
-5.943400
1.825873
4.517438
-2.104657
-4.543085
-8.084534
6.444839
-6.261917
-1.309129
4.978896
3.489985
4.447534
2.017131
5.128593
2.471669
-7.183935
-6.701354
5.941386
6.056222
4.865344
2.682013
0.909285
11.438205
7.206308
4.791386
0.188639
-2.152293
-12.568300
3.481335
9.820783
4.169591
-6.227818
8.529491
6.093837
-1.253817
7.407101
0.648393
9.780573
2.106674
-7.188314
-1.227686
-1.714015
1.815616
1.596521
8.465122
5.430204
0.700763
6.543441
1.776525
-1.363506
-8.468227
-2.799044
-5.598251
7.883051
2.201622
0.052769
8.291029
-11.214547
3.950866
0.078705
4.428561
1.452290
0.586173
-9.723627
1.417902
-5.280678
-1.506618
-0.513516
2.995329
-0.453603
-7.831443
-5.223645
3.006790
3.309475
-3.344805
2.822044
2.221587
-6.351045
5.726590
-4.515988
-11.597239
2.490682
0.165906
0.736699
3.863525
1.835038
-0.525410
-0.651850
5.856342
10.406638
-3.954110
5.939005
8.256549
-3.807582
1.996319
3.211050
7.605099
2.684845
1.040218
-0.817431
7.431683
-0.829638
-0.979259
-8.458878
-4.617709
3.650764
5.634301
0.600749
-2.737580
5.306884
4.718747
-3.743558
18.232151
3.260247
-6.700310
-7.986549
5.357314
-5.273900
-11.365734
7.952488
3.244903
-2.783699
-5.425751
5.234984
-2.256540
4.730297
9.710201
16.714068
4.565571
-0.610084
-1.144217
8.530668
-7.332382
-9.018255
-6.280684
-4.328154
8.779316
-3.256641
-3.842274
2.237037
-4.504565
4.709953
-7.665642
5.660331
-1.043985
8.245245
-0.420652
12.069136
2.451890
-0.063090
-0.423823
-8.686090
11.033259
5.578651
3.589128
5.243359
3.345208
-0.505948
-4.395933
4.141676
0.673696
1.774854
-0.234159
-2.385654
2.913004
-8.663602
-5.022064
-6.520406
-2.312342
8.197197
-4.453815
-9.971094
-4.288451
-5.349937
2.614023
-10.885463
-1.233460
-0.512548
3.735995
1.521761
-0.869400
-5.475860
4.695205
6.970599
-3.326463
5.734344
-0.454164
-6.357805
-10.243345
-8.582038
9.061627
9.002295
4.362200
-0.552719
11.018790
5.294807
-4.224549
-5.288833
3.045469
-0.240276
-1.860815
-5.545055
1.899325
8.616427
-1.822317
4.842455
-7.777646
17.693606
-12.909987
-8.799045
3.789151
3.329500
-2.804633
-2.930992
1.386043
11.505550
5.238721
5.030336
-11.361467
4.528663
6.788528
-0.955934
-4.767827
6.828022
13.802802
7.902641
7.973326
13.168449
-3.229379
4.899797
6.354420
5.808785
7.974468
-5.183869
12.504230
0.465762
3.282670
-8.092528
6.590164
-9.692744
-11.180360
2.661668
-0.642554
-10.641928
4.494387
8.753083
15.944274
-3.707643
12.747937
4.667755
-2.707741
-3.064366
7.206607
-2.889916
0.541099
2.683327
-2.136011
1.694066
-3.989613
-4.536836
3.194194
0.413174
-6.729364
7.570091
-3.497272
5.083123
9.112267
2.895221
0.505970
-0.884556
-0.186859
0.344741
2.102467
7.540040
-2.265297
1.249077
9.437241
-5.532608
-1.867660
3.752699
-1.141779
5.691553
0.178334
3.037395
-8.527921
3.717922
7.637932
10.612104
-5.376637
10.471951
0.530493
-0.527943
-4.926071
2.828764
6.432880
5.854591
-2.687394
-0.229111
6.968553
3.786138
9.897400
1.046432
-4.486836
8.074335
6.082176
-9.102136
-2.341345
3.109383
-5.249646
14.210167
9.034935
2.342868
-0.763307
6.231928
-5.758923
3.555598
-9.098031
-4.114856
-13.728377
8.834387
-5.108475
8.479100
-3.863526
-6.690285
-1.983903
5.376469
0.473486
2.704557
-8.349793
3.623730
2.772309
3.221791
2.734706
-6.629415
3.597432
5.060405
-6.476835
-6.942938
6.289362
22.978431
-2.918747
-1.757537
-1.261020
6.213023
-3.184644
-6.604218
2.671760
4.433111
6.254818
-4.645837
2.990781
4.147874
-1.273587
3.824265
6.077204
9.510794
5.179874
9.483088
6.251414
-0.413531
9.209009
-0.397379
-5.027800
7.397389
9.914644
6.092186
9.156212
6.902727
6.107612
-5.751186
5.825686
4.146039
-1.588241
-8.011677
-3.569970
-5.059649
-5.722284
-6.050637
-2.346029
-0.401202
-2.449229
-17.075985
-0.840053
-7.368268
6.686916
-25.056675
2.790913
-0.618519
-1.734150
3.128450
-3.453038
4.423875
-1.067223
-4.837358
-6.009301
2.227053
12.771444
-5.488423
-6.563792
-7.879010
8.722055
11.448953
-1.489421
-5.659546
10.200374
-10.134954
-0.417612
-1.551118
-2.290358
13.331013
4.933997
-1.336669
4.842499
11.658343
4.235597
-6.312213
-2.932703
6.777125
9.318922
-6.792091
