8.254212
-10.742241
6.421190
7.695413
7.267394
-1.377635
-4.447953
9.658074
2.521718
-0.381769
-2.802258
1.155413
3.585342
-1.397266
2.955208
3.508629
-7.586656
-4.091427
-1.515129
-2.597030
-1.474668
0.746304
-13.285288
0.914967
-6.513619
-16.705360
1.899032
-3.509605
-2.697302
3.532642
-4.031570
5.244668
-8.572606
7.595347
7.179415
-11.074357
1.287260
9.700929
-0.948158
-6.515794
3.063970
-10.061420
-6.343266
2.080003
-6.208379
4.703934
8.070421
-5.345511
8.290507
2.751813
8.397435
-8.195713
7.483196
-0.991893
-2.169334
13.491074
6.162530
-0.805005
2.685082
-6.678427
-3.504500
-9.247620
-1.083555
-6.700472
6.153652
6.652118
-7.115864
-3.155067
7.754513
-0.725841
6.838256
4.147455
-5.637662
4.602540
-1.592625
-9.760288
-1.050973
-1.904195
-8.040743
-2.849898
-12.437667
-7.756749
-7.533901
7.877412
10.022282
-1.858350
6.553870
-1.173375
2.897672
7.739887
8.982950
10.525439
10.477276
-6.188545
0.444104
-9.806246
7.340150
0.823590
5.750391
0.178049
-2.898195
4.945072
0.483907
-0.311343
2.389131
1.587617
-2.626985
3.528393
5.775768
-4.002552
-1.987526
4.102167
0.888262
-6.593603
2.614172
1.501623
-1.288960
-10.755201
6.349548
-1.636386
-1.165965
-5.664358
-1.271178
-0.897038
-3.866297
4.121741
1.521291
1.482110
8.132266
8.510231
-10.321685
-5.145929
-5.591580
-1.882959
-13.559308
-2.535026
11.262028
-9.903498
-16.194257
-10.553173
0.511075
1.693598
-0.339094
3.926101
-1.827191
7.919578
-8.020947
-6.126998
-4.266927
2.669560
4.003767
5.360649
-4.766844
-5.211700
-5.144668
0.200623
3.004221
5.451122
-3.897442
9.223415
-4.979079
9.696796
-11.487779
-8.664291
-3.179028
-12.994349
2.471998
5.960873
7.374553
2.776124
3.029162
3.171625
2.294763
0.623610
6.029684
12.127809
1.024315
2.132374
1.273490
0.500785
-5.055774
7.389003
4.533659
-2.129746
2.513752
2.307419
-0.854268
16.408996
-7.909431
-11.282586
6.487317
2.285522
-6.959577
3.363229
-6.788679
7.445509
-6.160289
2.921470
1.852477
3.133843
-0.267026
-3.762486
4.698435
-1.489724
0.318113
5.860431
2.581063
-2.766696
6.948459
1.209421
2.554787
5.576635
-2.337672
-8.467638
-9.313061
6.267536
5.897579
-5.997926
-2.379091
2.734097
10.385935
-4.030091
-3.063280
-1.203162
-7.383310
-3.472084
4.157186
-9.743898
-7.383133
1.761344
7.054537
-1.310742
9.944458
1.410302
8.029113
-5.034069
7.170959
-1.161728
-6.117354
-2.528033
0.878559
-9.638612
-1.486276
13.414078
-4.246138
-0.618595
-2.729098
8.825876
10.015298
-9.046255
-6.093244
8.984294
4.593202
7.804669
5.657650
-10.703680
4.134242
1.531578
0.896695
-7.256908
-9.279411
9.021365
-1.989981
-11.063481
-2.078082
1.446668
-5.399175
-0.802127
-0.848155
-5.114812
-7.514557
-9.871114
0.749788
-3.292738
3.087578
7.352555
-2.160014
-2.686689
-5.771841
-2.881138
-6.706346
-1.062059
-15.703443
4.225923
8.290966
1.166927
-2.615474
5.145594
-4.800773
1.302317
0.143306
-5.342644
-1.347509
-2.917219
4.947238
3.482756
-2.795981
-0.387061
-4.935812
6.591082
-3.104342
-4.953277
8.779413
-3.455308
2.019729
2.264793
-1.380844
1.654284
-0.677174
2.097001
-1.659422
-13.868123
-0.605996
3.389240
-3.536116
2.266900
3.891628
-1.482698
-6.393826
0.575075
-1.256839
-8.016046
13.134395
-1.942486
-12.125252
-4.654345
5.692791
-7.873306
5.048032
-1.431354
10.269283
0.066863
-0.401487
-6.094660
7.710079
4.729808
-0.317437
-4.357118
-4.327415
4.329320
8.225431
-0.186949
1.501909
0.292426
9.396927
4.785680
-2.661584
-1.521412
-0.008829
8.884099
4.616924
8.199596
6.701870
-3.739380
3.531734
0.602965
-2.050322
3.891058
-2.387903
-8.042782
-15.339363
2.891235
5.553475
-13.340056
-2.777252
-10.018979
6.259956
-3.630640
-5.845117
-20.184415
7.543561
-8.989340
7.417532
-2.682401
1.319910
-6.697269
4.096275
-8.077103
0.378313
4.869909
7.155160
-4.643202
-3.459603
4.677147
-0.927721
-4.658153
-8.641700
-5.561037
0.710273
10.023566
8.186407
0.368813
7.954453
8.671553
4.076375
0.282405
2.713970
7.294693
3.908498
-0.072486
-9.179976
-10.222525
8.597332
0.795909
0.501435
0.624625
9.036253
-6.522268
-4.928032
-1.176097
3.485368
-5.873794
-4.580143
-7.510477
-1.893167
6.547609
-2.285893
4.797390
9.503144
3.812278
7.778909
2.650233
-2.080388
4.574532
6.462071
3.927158
-9.208357
-0.505586
-0.304505
7.109414
-1.939871
-7.666959
6.647984
-8.516752
5.126717
-8.939352
-6.844258
2.464549
-0.193721
3.435973
-1.652466
-5.250790
5.714661
-3.372623
1.253645
3.221371
-1.224448
-1.994187
4.970136
-19.588074
2.332693
4.742450
-1.604137
7.919358
8.478051
-4.729878
-2.448671
6.694172
-5.277767
6.119867
3.317767
-4.975592
7.925894
3.137984
7.044059
3.187620
-4.644373
3.517900
-9.111188
3.346345
-1.802999
-4.570141
-5.317559
-2.866899
0.212309
-0.612692
-1.013378
4.035122
-0.732174
-5.290928
1.427652
-3.676597
-4.794535
2.761421
-8.670848
-8.881228
-1.259846
0.019253
-1.368736
4.061178
6.321694
-10.954423
-1.166398
-7.191330
0.527565
4.049137
-1.161656
5.354481
7.999014
-8.424665
-3.776422
-9.946736
0.393278
-7.739615
1.432723
-9.445570
9.247902
-0.586515
-0.756296
4.871256
-8.578009
-2.046093
2.633415
5.512213
3.409317
-16.368948
-2.592348
-5.370008
-5.077507
11.476923
-5.972942
7.707398
8.445166
-4.205406
-3.498406
1.098932
1.118972
-5.743883
7.492371
-3.067649
-0.168818
-3.827409
-1.323226
4.144752
6.431854
-10.085671
1.494769
8.953567
2.638815
6.243430
5.022718
2.908216
-1.442133
2.355586
-3.377448
-5.389247
-0.001818
8.464703
-7.407575
1.426070
-12.729388
6.997185
5.902349
3.064267
4.799117
6.729549
0.826173
-2.120000
0.244367
2.856246
10.791682
7.346085
-6.000663
-0.821747
2.256749
7.023971
4.005723
-5.367786
4.201113
-5.272362
-6.114539
-7.645669
4.646009
-2.073425
7.640332
-4.470909
11.088283
10.679559
-4.937440
-10.877170
8.647308
2.321342
-4.007422
5.307244
-7.091106
-1.016948
3.399996
-8.948409
8.932326
21.141577
-0.218179
-7.853734
0.904727
1.417664
-4.971904
13.203730
-0.619261
5.929854
6.522238
6.654384
1.456701
-6.276220
9.362253
2.047959
0.451692
7.765287
3.422572
5.569535
-6.985135
5.496184
0.549090
-7.011533
4.962759
9.447701
13.881548
1.765747
0.196487
-0.101562
0.162995
2.911022
5.742549
7.815563
8.889249
1.408791
5.830807
8.044560
-6.013641
3.396903
-0.373932
-2.649099
-1.306715
9.651682
1.639529
8.356886
-6.008377
-2.584939
4.089641
6.819139
7.488654
-1.456541
7.789842
-4.177949
-7.244499
-6.988299
-6.285590
5.419219
-5.822236
-2.242384
-0.653559
-1.551534
-5.645699
-3.537078
5.030355
8.363013
11.982742
3.866650
-5.999537
4.171256
-1.747112
-2.154205
0.054639
8.082850
6.078100
9.400104
9.645968
1.387335
-0.783697
-1.272141
-3.135728
-19.354069
6.058954
8.640246
2.425100
-2.920613
-0.219180
-2.023843
5.086283
1.557264
6.767669
-7.079344
8.640059
1.060230
6.688557
-7.484168
2.981687
8.584481
-10.046987
3.210774
3.925408
-3.381921
4.652162
8.650672
2.013865
-1.162384
-5.632792
-8.202403
-9.882833
13.065733
5.135798
-7.018865
-6.440108
8.367318
-4.407010
-9.644812
0.750736
1.631091
10.948053
-4.210533
-7.733640
-4.774501
5.911116
-3.547740
-8.795614
-4.482116
3.689692
-4.134380
-7.176521
-0.369800
4.586749
-3.245887
-4.283248
-6.017169
-3.189731
7.629650
10.140118
6.422892
6.246743
1.989765
-9.728702
-14.762473
-10.074546
-9.578390
-0.375114
6.033297
-2.558530
3.777342
4.605785
-2.375926
2.559762
-6.139622
3.227316
2.691746
-2.914998
-2.238311
6.439069
-1.408720
1.132962
2.007748
0.852251
5.454004
-4.504465
7.467918
4.337535
-7.691124
4.313908
2.032266
5.854176
-3.101672
-11.242988
-3.407390
-3.188075
2.659870
4.030352
3.253504
1.053072
-2.612856
-5.387961
14.199014
0.316939
6.926451
3.838918
-13.204404
-5.013365
-1.038027
6.639874
-2.385978
3.700381
8.904197
-0.143540
-5.963537
1.065167
9.873694
7.450395
0.800662
-1.043283
-10.268395
-4.120026
-0.256311
-0.571182
3.035989
-5.525945
-9.753314
-2.088152
-5.628784
0.889739
-5.155363
-0.604380
-2.258409
2.268686
-5.398053
-8.682146
8.321817
-3.402254
-1.965759
-3.372563
-0.162595
-6.088290
0.540092
-4.552471
-5.041656
-1.333271
-0.444822
-9.737624
8.365361
3.102714
4.842935
-7.375666
4.174488
2.624022
-6.391975
6.303412
8.370587
6.036375
3.827888
3.751842
-11.764811
-3.106417
-0.358106
1.013737
-9.973804
6.944038
0.008164
-1.383530
-7.165534
-2.790140
-4.149647
6.911872
-12.511403
4.211346
-3.879191
1.396502
-5.385289
2.683517
-1.756226
-2.384682
20.116380
0.426992
-20.418547
-13.088555
-8.414556
5.477065
3.292341
-1.872070
-39.342934
12.394950
-2.936868
0.806904
-6.812805
-9.158578
3.481629
-1.009746
-1.399157
-6.611976
3.510008
-5.572007
1.836488
-3.183725
1.863763
-7.203002
-6.467045
-5.610323
-3.758797
-1.960706
0.799933
12.251338
-5.808361
-1.518743
3.510857
7.178630
-8.410555
-3.551203
5.784903
4.236489
-3.520637
-1.291651
4.230376
3.903404
2.023516
-9.703516
3.399282
-2.552964
-2.522738
2.906756
-5.228653
4.151704
3.110119
3.944839
1.062776
-1.112933
3.608257
4.327039
3.154569
9.319189
-22.137737
9.359039
-3.767589
1.073850
-0.876617
-2.363714
4.499541
-5.509872
0.684405
-4.863229
-9.054950
-5.733549
-2.260329
5.567614
8.823161
-3.447169
-17.651661
0.235595
6.422398
-3.699320
-0.727373
10.490157
6.285787
6.648409
1.891251
-3.575166
-2.267733
-7.696120
-17.016145
3.399112
3.447129
-4.964174
-9.156026
-2.646672
1.495736
4.395834
3.912261
-3.128366
4.903565
-0.295195
-1.857335
4.547674
-1.463632
-7.630091
9.209589
3.840767
-13.993191
-3.791923
-6.287764
-9.145199
8.834912
-4.022991
14.068212
4.816531
9.053066
-2.107519
9.753662
-1.616533
-8.348929
0.293809
8.255296
3.868134
2.774121
1.777131
-1.427778
-0.637104
8.587971
-8.490602
1.217976
2.329595
-0.670661
9.033915
-14.275857
-14.967546
2.770107
-1.420862
1.202179
-1.984620
-2.526172
3.043076
0.521962
4.979634
-5.752533
-5.502996
-3.392237
-5.180598
-1.111184
-10.310304
1.050399
0.211002
4.108958
9.239162
3.174187
8.957198
-3.250483
10.799294
-2.098132
-1.845712
-1.539032
-5.098140
-2.362947
-5.493267
6.447225
3.625120
2.765301
12.009130
0.928689
-6.487473
0.606878
-1.185516
-5.334696
5.458792
-10.726867
9.536894
7.597537
-6.091205
-1.956343
-2.915984
1.267876
1.131164
-2.590875
-4.161737
0.198480
-9.569398
2.957729
-12.825284
-6.045181
-3.198387
-9.619126
-10.331784
-3.380554
-5.184840
8.503200
-0.973806
1.604106
5.420377
2.902118
9.942011
4.412333
-0.145420
-1.706159
3.937699
6.633543
-5.275426
0.390695
5.106784
-9.898557
-2.760425
3.063722
5.664859
-1.056112
-9.402062
0.621049
7.112834
-10.343191
-2.252039
-3.785613
-3.103614
6.776520
-3.062595
-6.987246
7.883434
-0.555185
-12.096059
1.843546
5.002430
-7.173716
12.323429
4.783082
-0.407261
10.297679
-8.065143
-1.389849
7.765618
3.272997
-0.989329
-1.030825
5.534964
4.803615
-5.644330
8.857200
-5.286788
2.063125
8.580516
5.558064
-5.967736
-0.717243
4.412866
-6.922341
-1.626276
6.566153
-6.846088
5.966500
-2.957462
9.070765
8.378122
-2.556743
-6.128602
-5.137375
5.834058
-7.134677
3.156697
4.006685
4.338167
-2.693196
-4.941658
-10.067354
-5.936951
6.052948
0.262176
9.943755
-16.156312
-9.316813
7.662035
-5.304538
5.525105
-0.508822
1.551584
-14.258135
3.948048
-4.644226
2.823939
-3.784065
2.577422
0.439460
4.143887
-1.440394
-1.942097
1.342650
4.567710
2.300236
-3.546882
8.940010
0.775782
-3.811735
-3.768185
1.083531
6.741686
-5.467787
6.319909
0.969687
1.201202
5.404947
3.890797
0.033387
-8.876494
3.036565
1.667521
7.980842
1.257134
-1.707451
5.451607
3.244123
-1.927373
-4.337819
-1.122340
-0.251234
2.211705
15.233074
-5.332495
-4.225141
3.319180
1.497159
7.933154
-6.041089
-2.676317
7.254183
4.758761
-3.513716
11.103060
6.961977
2.017374
-4.380901
1.458216
4.701488
-2.506569
1.761163
-0.586475
-4.383481
-8.993250
4.762966
-2.636113
3.559797
1.909130
-4.519336
-6.060901
-3.006342
0.591736
-7.680408
-5.404262
17.551317
-5.217765
6.092072
1.101204
-7.422425
7.527658
0.424012
8.213201
4.548662
-1.125880
30.077329
5.474684
-5.919512
0.341364
1.612382
3.175297
5.950075
9.494089
-8.513634
0.364238
-2.985012
-4.225766
-3.857282
-11.044135
-6.699592
-11.488178
4.982336
-6.181325
-5.965684
4.197126
-3.864008
8.745685
5.419761
1.789875
5.522905
-0.888997
-6.388122
-6.107131
6.038039
5.887601
3.463721
-3.326735
3.720678
-3.926083
-3.616850
-7.710350
-2.253025
3.787446
8.340150
1.070810
-5.496179
-6.495637
-4.007604
4.151901
5.806400
6.484066
5.707011
-8.880840
3.502894
-1.264661
-9.726538
-0.070347
-7.994312
1.098535
13.151210
6.377220
0.135204
-1.108572
1.993319
-0.333855
1.172661
-2.536569
2.897580
-7.940506
3.279524
9.479462
-0.452874
-0.274364
-16.817146
0.128740
11.059303
-1.368950
-8.107638
-9.070104
1.015668
-5.731200
2.941519
4.442484
2.098297
2.210190
4.577644
-7.133825
-3.934899
-3.763564
-3.592034
-5.251525
-6.505265
-10.734314
7.407194
-5.451140
1.986673
-3.416235
-1.406488
-4.238584
-2.126691
-9.139327
3.972068
6.644263
0.828289
1.035342
-7.424330
12.765154
1.445513
-0.028937
-3.800393
1.799971
-5.873379
3.748310
-4.981603
2.882142
-2.948511
-2.655259
7.353076
-2.004679
2.222995
24.079645
4.384348
-2.476042
6.327053
1.906184
7.566055
6.767010
5.132971
-12.819134
-22.742060
4.217875
0.743281
1.940130
-1.217473
8.331140
5.360350
-8.115262
-6.476140
4.059853
0.334691
6.300418
8.026410
-3.627388
-2.645227
1.768981
8.671879
-0.503275
-1.257684
-7.088866
5.530770
-1.593643
9.421444
-1.243284
-10.209818
9.572120
-0.037237
2.033505
0.492553
11.152597
-5.008263
-7.750077
-4.816850
12.603757
-12.215254
0.801610
9.746094
-10.597011
-10.285038
-9.593477
-2.616271
-0.908022
7.384248
7.595473
8.998499
0.254536
1.632490
-7.964989
0.316437
-2.953195
-7.542283
3.336423
-0.431283
1.994009
1.768349
-0.885044
-1.222733
-1.377420
19.320086
-3.686728
-3.626092
1.097894
-3.368227
-2.370677
7.878093
-0.454577
6.422677
-11.898944
11.219522
-8.055389
-6.541559
4.066133
-3.298559
-8.554300
1.628661
-6.518697
-6.387311
-4.336365
-2.461404
-6.003704
-3.326501
8.127062
6.495457
3.146544
-2.082746
-1.305376
-6.032674
8.239618
-1.418612
9.548713
-3.920809
-14.606289
-5.683515
-0.232014
6.488245
-8.440372
2.495609
-6.932360
-2.021855
-9.952789
1.656491
-1.859198
-3.817954
2.325319
-4.791090
4.013480
3.125004
-7.347453
-1.963884
-5.786938
-5.495801
-9.004517
2.217283
-1.565914
2.874779
11.221398
-3.668346
3.757342
-7.768074
-7.274759
9.000007
0.384275
10.098476
0.365500
-3.921552
-0.247792
-6.194579
4.324904
-5.980777
-2.276394
-6.629620
-7.584398
-8.385268
-2.205615
-8.114206
-2.466683
-2.026305
1.951161
2.500663
3.199042
8.180556
2.891353
1.155753
4.954169
2.127571
-0.871753
-0.541992
-0.289102
6.525381
-5.100441
1.476200
-3.325579
-6.760590
-0.305305
9.680755
-4.327579
1.643282
7.233964
-3.164359
5.773784
-6.661261
4.124418
4.613615
7.781407
-0.557145
-2.922136
5.089133
-5.152313
-5.682396
-5.679784
6.549093
-1.119018
-3.157715
-11.516877
-8.628526
-2.823107
3.618263
-1.583724
-1.073545
-2.820195
0.686459
9.112804
2.072331
-0.619890
5.525369
3.802961
0.746718
0.997872
-0.928370
10.533097
-2.326599
3.369343
-0.530687
-5.825923
5.536028
2.585515
-3.902432
6.784960
7.027347
0.772857
9.834414
-9.436703
-8.415586
0.738785
0.844202
-2.626175
6.113024
10.876931
-5.310361
-5.497373
2.785755
-4.819725
4.550823
-2.044079
5.322480
-6.314924
-3.406778
8.292597
7.488963
-2.285756
-5.389361
-10.130872
0.814923
-11.239293
11.500495
1.113947
-9.913403
-0.205616
-2.516481
1.335933
-7.788312
8.431733
-2.112131
10.311939
-1.926696
4.092144
0.447510
4.276779
13.326191
5.835620
2.706510
1.672749
6.276431
0.071480
3.269399
2.261206
-6.387998
6.585206
1.682025
7.341993
4.120368
5.481482
-7.528843
0.661024
-7.392512
-3.385874
4.082476
6.135844
-7.748539
4.018554
7.277344
-2.615880
8.978483
7.750391
-9.318145
-2.460064
1.368726
-0.239461
-0.292303
2.593488
-1.385519
-0.507130
7.926311
2.374373
4.902542
-1.095733
13.070043
2.324560
-10.145541
5.302336
-4.409008
-1.196038
8.593341
-7.519392
-7.289325
2.965907
-5.233796
5.339526
-2.304905
-7.541661
-3.773906
4.290243
-10.652920
13.933985
4.539885
7.060689
-5.738917
5.938927
-2.086417
-6.772243
-0.781783
-1.348827
-0.119510
8.599929
0.983121
-3.171091
3.336685
2.217614
-2.572531
-3.351895
1.044885
-7.720777
-11.822877
-2.318412
-3.323542
-3.279454
-7.728177
-10.062721
0.869050
-3.753487
-1.347897
-5.130273
-8.140146
7.670851
2.429463
6.504452
-13.165495
-2.497861
4.620669
-8.066605
-0.928917
1.917765
8.681845
5.091838
-26.854369
4.488346
1.211660
-5.166323
-8.438910
6.954353
-1.044858
7.131417
1.217306
-7.732728
-8.249403
-3.721804
-1.224366
1.869767
-4.961040
1.951174
8.669293
2.798474
5.134348
-12.739141
15.588168
-3.048839
0.158911
-8.587322
-4.801541
8.445205
0.092075
-5.951530
2.790626
-4.049905
-12.095895
-3.416354
-8.794818
-5.614503
-6.762065
1.859104
0.150232
-10.931621
-4.945736
8.629662
5.393694
0.265163
-3.978958
-1.972826
-21.186776
2.464637
-2.250570
-4.809119
5.009497
-11.196258
-0.087804
0.492146
2.717249
4.101319
-20.961525
9.353655
-5.781366
13.176068
5.019193
7.020535
2.849875
5.690102
-1.562287
-0.827538
-5.034352
-5.493676
-1.822024
-7.648858
-0.963990
4.830671
-6.014375
-0.088741
2.770531
-5.695321
-0.534754
-8.169934
-1.028478
-2.216137
-3.769822
-7.945948
-2.436876
7.841473
4.042613
6.734210
2.113538
0.734583
5.543561
1.313499
3.835082
-3.981468
9.362478
4.793185
-1.575413
-1.116584
-5.398525
4.133284
-10.883711
7.996107
-3.883917
-4.885256
-4.759201
4.408049
3.100984
0.184451
11.583281
7.173625
-3.795654
-1.196009
-4.952375
-10.488776
-2.750040
3.782774
-2.545795
