-3.683690
17.143126
11.737985
7.436304
-4.065813
-0.490189
-9.631303
-0.907709
9.810924
-4.527187
9.138880
-5.860936
-12.559544
7.459164
-2.117565
8.297141
4.237444
-1.766916
1.455880
-8.579135
-4.533491
-1.509007
9.138212
-6.824443
-3.394188
-5.813180
-0.343734
8.163545
4.250357
-0.223046
-6.863508
-1.014539
4.161507
3.226817
6.714945
-6.694337
-2.732698
-1.066064
-0.566994
5.670712
4.926141
6.965144
6.000516
1.726026
-1.445039
5.686059
-2.319513
-1.808560
2.173746
-1.867398
-4.400574
-6.243661
-7.815086
15.976235
-4.741082
0.876238
-6.957137
-2.490553
-4.301449
12.499006
-4.061518
-0.032768
-8.297646
-0.623788
12.748895
-2.691384
3.772333
-5.858589
-2.149268
-6.011947
7.496228
-0.115753
-4.662547
-0.151942
12.482626
-6.641534
-2.094980
-9.436185
8.036376
-4.810487
-0.176457
-3.004190
3.453389
1.422533
9.063471
5.723782
-10.182896
1.092832
-0.301144
-4.761754
-4.847460
-9.826425
-6.903159
-0.321513
-0.779594
2.724705
-10.099260
-0.825168
-5.567787
-4.423482
6.037910
-0.650569
3.044711
-0.813906
3.422756
-6.365049
-7.450488
4.318039
9.866068
1.912923
0.337157
1.292311
-0.730324
0.812911
-2.203102
-5.456552
2.674044
-1.062948
5.197036
-2.113429
2.848190
-2.908685
-1.935017
2.415193
2.103900
1.724953
-1.061986
8.350489
0.684744
-9.269038
2.607037
-4.668196
-7.969585
-7.530814
-4.988748
3.521305
-7.309882
-1.751441
0.347336
-13.891213
9.914770
6.813734
0.556414
9.680220
-4.505175
6.129189
-13.365283
-3.870042
-13.197370
-2.972304
-10.513063
3.788116
-1.647905
2.381862
2.623770
-4.903375
6.219640
5.838195
-3.167172
6.883103
4.395991
5.017375
-6.509018
4.274868
16.844176
3.008356
-4.695187
3.418696
-1.129807
-10.550499
-4.187409
-0.320551
5.503584
1.628210
-0.464554
-7.948679
-7.526402
6.577441
1.890399
0.290314
3.692387
-7.730450
2.886396
7.746229
-10.685340
-1.386402
-0.943739
-0.352377
9.075482
4.069352
-6.862207
2.531083
-11.561078
-0.946313
6.656433
3.561260
0.381772
6.149114
-14.818357
-3.959767
1.359613
-1.324443
2.776842
-2.710593
7.595914
7.012262
0.942439
-1.203585
6.499303
6.091908
-2.547355
2.001588
-10.706000
-11.174750
-11.713312
-2.215836
-2.107835
10.016723
1.617928
-0.930634
11.845132
7.112224
5.866568
-4.280889
7.333451
-4.557043
0.942092
0.713725
-2.623848
-3.258043
1.882264
0.506170
4.484395
-3.111352
1.257870
-0.661497
-13.868365
-5.777980
-8.697462
16.290320
10.625445
8.587391
-9.086752
-6.123866
-12.916706
12.911249
-1.823634
-6.073874
1.152158
3.223056
3.043592
3.712788
8.332362
-4.317062
5.598267
-5.905971
-1.552962
1.522441
-13.998968
0.897272
-8.794244
0.571223
6.490246
5.209968
3.019625
-3.233014
8.952595
3.015784
1.779574
-6.381873
-12.361848
-0.851441
2.416046
2.933494
-3.608818
6.543226
2.007292
-1.599629
9.259346
6.417155
1.175392
-6.996223
6.218807
11.082551
-6.032650
-9.241232
5.674060
-5.709053
11.891233
1.591091
0.762639
5.636635
3.995295
-1.161565
-7.107225
-0.500908
-3.803112
-0.927727
-5.977432
-0.950671
-11.700379
-1.694390
19.123670
-8.634634
-5.531813
3.032592
4.623788
3.264914
-10.715605
9.107436
-9.396608
5.715753
-0.485421
2.555449
12.987436
-2.801366
4.617487
-0.585366
-8.593289
-0.452995
-9.637787
5.849733
2.813835
-4.381115
-6.467348
-6.608327
-5.411784
-2.388897
-4.052999
4.273617
-4.397767
-3.092003
3.871112
-5.036486
10.798581
-1.656647
2.695427
-1.633433
-5.359790
-6.121445
0.841694
-7.649252
2.379831
-3.667135
1.269889
5.738138
-3.774401
-2.137061
-7.306044
2.453015
-8.187552
-8.233617
5.663463
3.037366
0.012089
-10.775199
3.395890
-3.202191
-4.020468
8.416966
3.995191
2.136125
4.409911
-9.607345
-3.791764
-5.494264
-0.196000
5.720904
-0.837244
7.163603
5.531545
6.413866
-4.479938
-1.337046
1.429479
6.764013
2.241634
-0.215236
7.445370
8.042105
-4.664190
-17.960245
-7.156912
5.563967
9.965470
3.538294
-3.616392
8.729390
1.498466
-0.125276
-0.192093
3.475901
-3.373594
3.183905
-1.538387
2.706710
7.146845
2.568225
-3.716820
0.012206
-8.678361
-0.112540
8.422380
5.830380
-0.588983
2.459814
-1.877601
-1.357678
6.855637
-3.910480
6.822424
-27.080366
-2.269992
11.680973
1.572224
-5.162464
-1.449285
-3.677478
10.342604
9.811191
10.817237
4.384522
5.309387
4.687783
1.004351
-3.381306
1.170201
7.529115
0.636153
-0.592645
2.083215
3.363805
-1.600105
-1.303293
5.137630
-6.363767
-3.001984
-6.656893
-7.607925
-7.800267
1.854036
2.800097
5.129580
-1.887767
-3.561238
-3.827571
-3.177972
3.380166
1.412815
8.326666
8.108610
1.987737
-12.433898
2.568310
-6.593002
1.877200
5.759941
5.308762
-2.056913
-4.788932
12.219848
-4.004190
7.222977
5.124317
7.012935
-6.759183
3.785103
6.101300
7.327435
-10.683366
-1.603449
-0.988865
11.546082
8.500398
2.213072
1.028378
9.748383
-3.922268
-7.089271
-9.891504
10.144641
-1.556099
-5.153071
13.721682
4.791921
6.049391
5.765468
-0.226156
7.018574
3.680715
2.280264
3.916689
-8.107723
-3.997555
-2.704081
-4.610147
-4.985673
-7.194620
5.528708
4.354248
2.838014
6.330745
8.814547
3.937442
-2.585823
3.564460
-8.464320
7.069982
-17.970235
-10.894153
5.745459
5.158271
-11.998191
-3.814266
5.240351
1.189052
-5.108264
-4.142946
7.830043
-4.176469
0.144631
-15.363327
7.411546
5.840707
-4.190912
-6.236888
-4.737051
8.038364
-12.802082
-1.004219
0.419379
-0.883133
5.343818
-8.863610
3.757102
-4.459749
-1.427319
7.392579
-1.920949
-9.730006
9.780396
-9.697894
3.467901
8.040828
-7.956159
6.989170
-3.438347
1.593948
-7.023066
-11.028844
-4.967463
7.087815
-2.858140
5.237164
2.970121
-3.308060
-5.990259
1.497319
1.771106
-5.976045
-4.086095
-6.087323
0.773578
5.244107
-5.074441
-0.903582
-6.076672
-6.653633
-1.788680
-1.942773
13.421533
3.591388
1.763568
-0.324681
-3.445630
2.153075
-6.805687
-2.110741
-0.145738
-9.555512
-5.103017
-3.713205
-5.416351
-3.360531
-15.245067
3.056272
0.048725
-0.246268
-0.371082
-2.464680
10.672242
5.663975
-12.883915
2.071259
11.165195
5.709791
-0.638083
3.247043
3.920517
1.611276
-1.122376
-0.366019
0.074965
-8.575951
1.344226
2.422662
2.025807
-2.750179
3.881666
-8.445771
8.316631
-6.831238
1.607859
0.928833
6.962209
0.425601
1.130751
2.562824
8.352636
-9.724867
7.728408
-3.155870
0.573676
0.469014
-2.340392
7.523274
-5.861928
6.636826
2.136452
2.814857
1.751291
-4.982749
-4.554173
2.577241
-4.074455
8.368051
6.532980
-2.561205
12.140766
-5.902874
1.926689
-3.429194
-7.149992
13.620244
8.855010
0.714312
-0.646233
9.346453
-1.121787
-1.510750
-9.520790
0.936640
1.742155
-4.805423
2.037919
0.019768
-15.719745
6.962864
0.966600
-0.152690
6.417785
-3.493032
-1.440053
6.046210
4.447718
-9.326420
-0.819561
-3.391605
-5.911321
1.992972
-0.274151
-0.562803
8.142640
-0.112557
3.763790
7.052779
3.339898
-4.544048
8.177089
12.037419
-4.126079
-8.761297
-7.012772
6.322577
-0.146360
7.459901
-5.933295
-1.268930
-7.551755
-0.413027
2.551896
6.443880
4.785367
1.888094
3.123486
-1.815787
-1.728352
-7.365948
2.066808
2.461285
-3.203688
4.227124
1.391703
-2.402757
2.179065
-7.431678
5.117288
5.244997
0.927549
1.674168
-3.348941
5.915915
6.557379
4.040962
-2.099554
2.569689
-8.328974
7.953686
-0.565272
5.494524
9.224518
0.582267
7.837888
-7.143495
0.424339
-1.736130
6.365572
0.645707
8.647045
14.415062
1.407263
8.758526
0.264938
-4.077419
1.854776
-6.606951
26.134825
6.224284
-0.797459
-6.841898
2.507847
7.861691
5.077857
-1.016644
2.975109
-7.139255
-5.592228
0.838916
-6.448714
0.978341
2.756915
-12.456705
6.623296
-0.696370
-7.264590
4.452613
1.152227
-2.401467
13.882728
1.805450
5.740165
4.721237
-8.749906
1.869941
-8.772594
-1.149881
-0.077231
-9.815552
7.938870
-2.056591
-9.495994
-0.351680
-2.714174
3.175396
3.346442
10.921885
15.170608
2.132532
8.807442
0.976100
30.297389
-3.131659
-0.140945
6.329393
-8.213115
5.200696
-0.007508
-8.490253
6.777159
8.792474
11.721764
-10.295367
2.890518
1.907443
4.341156
4.800298
5.657814
9.197740
3.843770
2.998430
-8.184220
1.313753
1.464375
-1.224127
-3.837356
-11.475071
8.378816
7.854752
-0.235285
9.039053
-0.215476
1.279430
13.816053
-9.594246
-5.198097
1.366481
5.969564
0.237459
7.445360
8.279324
-4.809743
6.520729
7.832494
-5.299671
-3.239078
6.451451
-5.968952
3.254878
9.781615
-0.927581
-2.989231
-6.018613
4.281032
-3.409770
2.475361
12.922561
2.653856
1.271738
-7.926079
4.922778
-5.899392
1.036911
-1.158037
-5.843809
6.860300
4.337464
-5.313041
-7.442585
-6.268985
-0.621302
-0.188563
-1.448348
-0.521675
2.884305
-8.255803
7.022789
11.791707
-9.662122
-8.599969
5.264239
9.203414
-2.864813
12.200542
3.209224
-3.919162
-0.921479
-4.470537
-3.969011
-0.691966
-0.556578
-1.146337
3.306126
10.348357
-0.450548
-14.165344
2.433315
0.278622
-8.214180
-1.464954
2.497708
6.334581
-1.106840
-4.950950
-6.765786
1.915771
5.354207
7.280351
3.221346
-1.753057
6.985359
1.850074
-5.979937
1.092225
4.406028
2.499511
-1.980189
12.277081
12.298041
-9.035598
-16.560081
0.181384
1.296862
10.719971
1.086448
-5.012291
6.481789
-11.135156
2.416461
11.589071
-4.827496
0.866269
-5.654404
3.427388
-7.814727
8.332787
-3.317459
3.561178
2.380229
3.817002
-4.523339
-1.549133
-4.451504
-2.615607
11.515463
-2.801539
0.926553
-0.477029
2.821078
2.051701
-8.557223
-2.999305
-8.828282
3.174821
-8.992785
1.974352
2.777819
-10.207503
9.707957
0.660876
-6.279073
10.293025
-3.302165
-1.148255
-9.426649
-7.551987
4.089789
5.316613
-8.261978
-3.486230
1.797516
9.906919
-4.439680
-3.417491
-2.837033
3.239878
-0.753553
-5.644447
-3.600791
2.009890
-6.714282
-12.951793
-3.597330
6.681076
1.298638
1.024177
-2.421041
-14.076079
-4.933415
0.903780
-8.106366
-12.700895
4.246841
2.218868
3.853803
-4.835516
2.781334
-4.202419
4.337400
3.913364
10.368952
-1.023702
6.758730
7.665071
1.478991
-4.010458
8.273827
-3.011690
4.577504
-1.355830
0.379580
-4.303439
-1.958556
2.981686
8.735722
-4.624724
-4.360485
-0.659768
2.040671
-5.468958
3.803403
4.047678
8.329792
9.787812
-6.576303
8.005917
-15.062440
-2.059183
4.762649
-6.280197
-5.112105
-9.903973
-3.505712
-1.406954
-3.973870
-6.139661
-1.390145
3.262875
-1.858234
1.947654
0.418716
9.353621
8.935274
3.071380
-0.103852
3.665137
-8.403182
-5.039595
-1.110292
5.861276
1.288927
-2.384641
-6.433731
-2.558367
-3.353419
-3.186675
-0.497418
9.940845
-0.748655
2.979045
0.645368
-2.462192
1.425529
-19.885941
-2.197459
8.752007
1.986584
-1.062110
-3.688772
-5.107866
-7.312470
3.508095
3.788392
-2.966066
-2.269494
2.351384
10.923592
9.080744
-2.417776
-5.952077
4.442092
-1.318545
-6.903217
-7.106265
-9.551242
7.372299
-3.871341
-6.003523
-4.599287
7.237436
0.638395
-11.137727
-3.865521
6.936023
2.223165
-9.221203
-0.676340
-5.391008
6.853000
-9.276219
13.407620
-5.185735
-7.612501
-11.506833
13.013245
15.680751
8.175162
6.215728
-0.089255
-1.270046
-1.077685
-14.809692
3.396081
-9.779134
4.395090
-4.627969
4.387010
2.440459
12.530079
-9.651485
-5.069249
-7.160545
-0.134479
-5.766487
5.413219
-8.968810
-4.759844
5.113684
1.798977
0.011724
-2.115986
0.426331
-1.377803
-1.288771
10.420814
2.121163
-7.616919
-3.894820
2.365253
5.938767
-9.048926
7.219922
0.904054
-10.784888
-7.543039
-0.923434
-1.028095
-9.264962
-7.558620
3.191311
0.299415
-10.802798
4.311270
-4.348852
-1.555982
-4.520644
5.492526
5.898202
-5.476111
-8.100632
-2.898458
13.035394
9.346236
-5.263732
2.404786
6.342505
2.368313
-2.702722
-3.056600
5.825713
-9.804060
-4.589953
-7.375763
-1.777388
-1.983147
-4.533946
-0.287744
-0.006578
3.568866
-9.355038
0.930270
1.398996
-13.462859
-2.854872
7.036526
-12.956920
-2.342931
-0.220301
5.344611
9.137234
-4.498303
3.126390
-6.970212
-3.224966
4.502923
0.989875
10.778126
3.310091
-9.476119
7.195844
-0.957241
6.053557
4.936663
0.579748
-6.190411
1.719885
-7.727165
-4.388555
8.153443
5.454678
10.400265
4.286417
19.211667
-4.996598
-5.580054
4.644196
-2.213816
3.305348
-0.275428
-12.381850
4.547042
0.394420
-8.763937
-12.269820
-10.853010
5.895381
-4.373394
7.623317
-6.335569
6.484010
-3.377622
10.825164
3.215021
0.332336
0.559512
3.852112
11.315170
-7.796694
-2.368474
-3.839477
-1.530474
5.088893
-8.513850
-6.829604
5.231105
3.778433
7.199781
5.376253
3.697904
-5.255284
-7.125919
-4.729375
-1.331536
-6.772011
-6.941264
-2.017378
-0.753643
-1.371961
-3.147241
5.847220
5.038911
-0.254181
-8.192234
5.202737
1.938610
2.298674
0.788830
-2.703923
-4.703301
3.301964
-2.246271
-1.079379
-5.868181
9.577580
-9.644501
7.013960
11.655539
2.631317
0.800791
-4.352710
8.319974
-1.512973
-6.896196
-8.778759
11.845414
-7.310618
-0.974192
1.944986
-2.229831
7.289535
-1.414290
1.887491
14.584172
6.672486
1.483297
-6.725017
6.025275
11.944905
0.700364
-4.143829
0.918625
8.663839
-6.101504
1.444225
2.102140
2.230423
-10.170952
0.185801
-2.828242
3.632801
-9.713576
-2.042516
-3.275711
1.679714
-7.359578
2.303381
-5.086665
-3.706697
-8.803932
-8.389478
-0.718893
0.231691
-2.226444
-7.187987
-7.063020
8.837333
6.805738
4.183954
-7.162558
11.999191
-9.352300
0.745805
1.291686
-1.388522
0.337140
5.815867
2.173187
-7.483711
2.738081
2.038149
-3.125158
2.711528
0.320913
6.153371
-8.943224
-5.153039
2.659964
8.704091
6.279448
-6.876111
-0.227541
5.594318
-2.740781
-6.240219
-3.978546
0.481635
3.691635
2.380635
-3.910592
8.269000
3.820841
-5.445546
12.594561
-1.357433
-4.268398
3.747455
13.196871
11.892691
-2.996473
-3.742704
6.329004
3.593989
2.371572
-5.965144
1.452920
-1.398741
-10.180358
-9.425219
2.810031
3.670261
-6.190736
-10.786439
-5.434208
-2.107922
4.734273
-5.873527
6.639369
0.996893
-6.732502
-2.229980
-1.630119
-6.439880
-3.530872
-0.915890
1.438003
-12.180785
-6.952249
-0.788311
5.146018
-0.363151
6.628052
5.366996
-3.034215
-1.687318
-1.171028
3.227831
0.615542
-2.191352
0.023792
4.243066
5.174458
0.201631
-0.837267
-1.843233
6.471623
2.813464
-1.286598
1.597510
7.048993
5.351424
-8.518491
-4.830172
-0.100039
-3.025597
-2.981789
-0.652005
-4.093207
9.343833
-16.229405
-0.216947
-6.414614
7.067474
-0.735208
0.170733
-7.802286
2.563618
7.063820
-0.792197
-0.996173
3.917553
-4.290709
-3.879065
-3.890759
40.464527
-4.801809
-10.288909
2.456310
8.053994
-5.863636
0.851276
1.963234
0.618578
8.337835
-4.288429
-5.172807
-4.144188
5.419774
0.729729
-4.055041
-4.937114
3.418595
-4.162092
-5.714808
1.718397
6.613346
0.155641
-8.822669
-0.321220
-4.073820
-3.791779
10.694164
-1.770085
4.737568
-7.579114
0.366409
11.951194
-1.754450
-2.961770
1.227928
9.489820
-7.142042
-2.584211
-0.814727
2.703193
0.277394
8.815357
-4.895654
-7.890277
-5.039805
1.590751
-3.054854
-8.153325
9.377912
-1.323314
-4.974585
5.649414
3.375282
16.896785
5.993705
3.845307
8.611499
-7.064163
2.375479
3.908670
-3.679933
0.238093
6.621912
1.140510
-4.584405
-5.678102
-0.451333
6.209140
9.335572
-5.326073
-2.237725
-5.494409
-8.531490
-3.650324
-1.022705
10.512192
-0.108663
-8.326304
-2.317196
6.208306
-14.394910
1.591532
6.274612
-3.053493
-2.670329
0.394083
-4.533086
-3.890426
-1.010949
-3.763216
0.619487
-2.766878
7.982692
-2.171849
9.773741
9.094567
-6.431083
-0.193517
1.804576
4.456581
-9.687699
2.813518
2.086471
1.781429
4.850984
-1.485942
-9.973374
10.930155
-10.328580
-1.704037
7.834668
-1.563488
1.526202
-1.582609
10.568896
-5.114218
-2.694969
-1.067654
5.547629
0.215594
-2.470839
14.144025
2.641188
-7.805257
4.533924
-3.113639
2.979253
12.163310
7.604293
-3.489903
-4.428314
0.312278
-0.230870
-0.450108
-2.308350
-8.783975
-7.468564
7.321770
-5.706318
6.980955
9.498896
4.171123
-0.050459
-5.262822
2.422061
3.085379
3.125038
-1.994602
-8.989202
4.680356
-8.298256
3.373840
-2.954753
2.951208
3.850755
-4.934089
8.471205
3.963709
9.857132
1.445527
-0.820980
3.839071
1.648175
-4.472729
-6.276686
-4.034530
5.765711
4.649453
8.448755
-6.999705
-7.493704
-0.334954
-4.998075
10.178879
8.359492
6.965585
-2.711850
-0.571698
1.598332
-1.111482
-4.229357
3.993902
0.163551
-1.052035
2.385321
6.046072
-1.491753
3.662713
3.183105
2.169049
5.763238
-0.033527
5.830295
24.125245
-3.959728
7.222863
-0.980399
3.952567
-9.074927
-7.297674
-3.990068
-6.624783
-2.035376
0.661205
-3.958181
-5.448317
-4.876452
3.271453
4.144060
1.964344
-1.933817
10.368358
-8.934928
7.219779
-2.367798
-4.975919
4.284530
-0.741856
-0.429542
2.572424
-4.587568
-1.563066
10.021354
-16.970211
5.606456
-12.887967
-0.213634
6.435903
2.654257
-1.871019
-13.483287
1.514638
6.689632
10.206436
3.546853
-0.559179
2.718941
5.166938
2.675660
3.898909
-8.882972
6.713090
2.447325
-4.109739
0.967531
-10.157133
0.144591
8.345741
-6.078094
-7.803121
1.939877
-0.875296
-1.869638
-0.639941
6.797783
6.522597
8.333240
-0.214036
0.280543
-1.861807
3.448787
3.886480
5.328076
7.946469
5.852474
7.998296
-6.968103
-8.963387
-7.949812
-7.954050
-6.621975
1.294263
2.881832
8.467329
-4.059976
2.834286
2.747281
9.556852
4.248867
1.832832
4.908474
-0.790779
-8.952309
-13.258958
-7.391244
11.092088
-3.032470
-0.872004
-9.707423
8.461168
7.869404
3.394090
2.010831
-2.600199
-6.126307
-3.340097
-8.656121
-5.530284
6.510678
2.171406
4.090868
-0.651025
5.874362
-5.336999
-9.305040
-6.929855
-6.281179
-1.430657
-12.479093
1.979491
-0.152073
-0.949679
-3.289123
-9.673927
0.641485
-14.288797
0.211924
1.431903
-9.257262
-5.327888
-8.066426
0.551701
0.237277
2.259351
1.981370
6.872949
1.223551
-0.276546
6.550395
-4.032376
-4.889007
-2.526595
-5.483762
5.932381
9.665925
3.926951
0.527783
-5.378396
4.110534
4.679322
1.924949
1.313602
-6.530663
-6.546614
1.180486
-4.028375
-0.998007
-12.801352
-7.614751
7.904513
5.458395
