-1.597803
5.324175
-8.259083
-6.712600
-2.118865
-3.480698
-5.051751
-1.836847
7.935849
10.030948
-2.082496
-9.876095
-9.296276
10.387014
9.048028
-6.407204
7.307269
-2.496968
-6.581716
7.268525
3.851371
2.620136
-1.413901
-5.393362
3.049719
-7.714324
-7.749063
-7.897128
5.715008
-8.506490
-7.270968
6.116976
-1.450150
-8.084908
-8.737662
-1.681538
-3.640240
-6.700818
-2.943748
1.686815
-0.637145
-12.918333
-2.957989
3.151747
13.739489
1.589188
-0.622505
-1.951956
-2.244122
0.597654
-3.570232
9.606274
-1.627272
6.196715
0.919837
4.406049
8.686646
-10.927927
-1.145414
-9.238891
0.469338
5.597808
0.386015
-3.767988
7.936004
-7.631964
-6.317029
4.310381
-10.493768
-5.190882
3.155810
11.972441
3.447869
7.140409
-5.705950
2.241315
7.247067
2.627153
0.423699
10.272334
7.168985
8.087163
6.519229
7.468429
5.180236
0.815562
3.704365
-7.548836
-8.017039
-1.802858
-0.464802
-1.746994
11.152382
-5.708689
6.291530
3.416858
-0.573642
-1.260506
-1.524245
2.606922
-7.753665
-10.600800
-6.039782
3.228983
1.885935
0.447517
0.737937
-13.885457
-6.159646
-5.203281
-5.480278
5.951095
0.141360
-1.593906
5.961738
0.443324
4.365291
5.681243
13.292544
4.542465
-2.744625
-5.724506
6.204393
-6.894921
1.166578
8.665728
2.531531
-1.572421
-12.203469
-6.319026
5.891386
-9.717154
1.439951
-4.659135
8.718360
-1.845209
-10.841567
-2.784805
-3.588034
-0.066547
-13.566464
-5.584785
-9.089053
-11.760737
2.288215
-3.774138
12.309145
-1.324149
-3.249602
0.330551
2.039182
4.799993
-5.605829
1.003082
3.960901
-8.344543
5.530214
-4.754185
4.995236
-6.126259
-5.428216
-6.650767
8.165024
-5.666499
-0.841679
-1.070137
8.425890
-2.503804
5.999551
-0.443730
-0.262625
-9.589887
4.828492
-3.095446
-0.813400
7.037460
-3.343786
1.248288
-0.637634
-0.648038
-0.579632
4.300944
1.140204
6.767841
2.967581
-6.274508
-5.289589
-12.537289
-0.712962
8.526439
5.526905
-3.716367
4.404265
9.401787
-1.729164
3.939379
10.601640
4.253815
-0.079102
-5.664122
8.944574
-7.873321
-6.197430
2.920765
-4.647483
-8.153054
2.451494
-1.020577
3.377843
13.121211
-0.563007
3.339209
4.820840
0.090143
2.357323
-2.575095
5.045283
1.543555
0.385827
6.749754
-5.291322
-3.800763
-6.659172
-2.961702
0.887655
-4.632804
1.696608
6.894676
5.249302
8.354191
-8.834461
-0.365386
-1.742625
6.199405
8.372027
-2.284959
0.436599
0.998126
7.830992
-5.548044
-1.139574
-4.345673
-1.212880
6.813291
6.772359
-5.624438
16.970719
9.328041
0.768452
-7.083837
5.883671
2.856229
-3.925903
0.139667
6.877115
-1.996362
4.484392
-6.258951
8.693460
-5.922974
6.623657
-3.890982
-2.108548
6.302748
-2.258384
6.693959
-5.072511
-2.517862
4.334679
3.730793
4.369386
-0.716084
5.132101
12.155931
-0.467673
-4.293830
3.200566
6.492004
8.822245
-10.155525
-3.324349
-6.113066
-4.677481
9.063796
1.154950
6.205977
-1.674753
6.414363
3.181838
2.438736
2.422389
-5.912494
-0.322958
3.832710
4.092415
0.309457
-4.297508
4.455356
-5.462250
-3.859620
1.397922
3.716396
2.288689
2.774720
6.401913
1.723529
-8.610416
-2.553833
4.148664
-7.987190
-5.758791
-4.926035
-5.856040
7.981428
1.220150
-3.600217
-0.129664
-3.930996
6.114710
2.656574
5.022573
8.552947
-0.672115
1.566691
-4.583670
7.671260
-5.079390
-5.436252
3.739808
-3.005968
-13.828549
-5.774660
-7.064855
-4.194978
4.521761
7.951910
-1.042193
5.188597
11.196606
1.575121
3.112908
2.473175
6.007373
8.450964
2.616894
6.607553
-3.373289
-1.201876
4.759490
-0.535658
-9.047374
-7.268981
6.059539
-1.227311
-4.891432
6.242411
3.482672
3.742249
5.696234
1.325236
-8.655683
1.222601
2.219408
9.330868
-7.037196
6.670838
9.067294
17.733044
-7.266240
-9.919739
9.782847
-5.562503
-7.540280
-0.858505
3.016693
3.876522
1.277285
1.848211
-0.029610
5.133812
-6.987080
0.217699
3.834349
1.024852
8.515192
-3.477930
-7.625222
-5.602339
3.452061
-4.684758
-8.212023
2.680489
6.353096
-5.173453
-2.477811
8.958569
3.532321
0.743416
0.397196
3.045920
3.366707
-1.192912
5.960280
2.095789
5.139763
14.241042
1.502273
-5.876048
0.214249
0.012160
-9.933768
0.724074
-9.146983
-8.962108
-11.527754
-2.635335
0.988436
-3.093068
1.953251
7.935487
4.029252
-2.936820
-4.346273
-8.253358
10.769688
5.570033
9.510109
5.514507
-5.634019
0.993449
-3.436684
2.245655
5.827420
-2.398085
8.843601
-7.301488
-1.239674
-3.774939
6.051983
-5.709219
-3.217048
3.883791
-1.266935
-8.560157
-3.070246
2.215485
6.645424
-2.323663
10.748830
-3.964406
4.840207
3.685796
4.246908
-3.939695
-9.923534
4.168229
-1.219162
3.430775
-1.216766
-0.605831
-2.738603
-5.612269
-5.619977
2.304440
-10.268140
6.526922
-2.347028
-2.455081
6.533084
3.110691
-6.991960
12.502443
-4.085754
-2.833431
5.510922
0.147162
7.725036
0.253124
-9.450789
9.363694
-4.011711
-2.210759
-1.643145
16.459461
-1.592002
-1.462090
-8.453248
-10.675258
5.092888
-3.348710
-3.343790
-6.776755
5.391333
2.069847
-2.991516
-5.003625
4.509878
10.283322
-3.077410
3.641679
1.569685
1.721741
-11.479862
-4.750997
-0.701994
1.780949
5.016693
2.193408
1.610604
7.699151
1.423067
-2.533602
-1.816422
0.339181
0.027472
6.224556
2.574137
4.903795
2.431286
-6.740008
-0.948694
4.332513
4.014155
8.395833
-6.529464
5.598234
-3.086202
8.841198
-1.544309
6.871665
5.672891
-10.116409
7.877462
6.667541
-0.361733
1.183396
2.728166
-3.433746
-10.791623
3.548909
0.812471
-5.022634
-0.619233
-3.235528
2.503688
-0.912623
-8.653621
5.352234
5.701362
7.500463
-5.246965
8.006021
-4.368377
3.438432
3.691430
-0.860773
-2.222408
5.082644
-9.272341
7.301699
-1.912818
1.033054
2.678552
-2.794561
-8.829855
11.297901
-10.518093
4.365284
-0.692893
4.864134
-5.781157
-3.554206
1.271770
10.208070
-2.231458
5.673887
-0.906237
4.342153
-6.923066
-1.646907
-6.995962
-2.003308
-3.257942
8.756069
14.200385
5.041000
4.702592
6.516375
-6.191323
8.074111
-0.707480
5.095865
-9.112745
-1.544007
0.112811
0.653224
-4.493453
-1.023291
2.984972
-5.637463
-5.583539
-10.825028
-14.054482
-1.877688
-8.672030
1.603801
-1.177405
7.682345
8.133682
-1.452848
0.548837
5.840066
4.484711
9.024786
-10.213748
3.231692
-6.930544
-6.152086
3.636102
-2.653431
-4.994921
-1.345710
-2.185149
8.733557
6.139555
4.716794
3.244899
2.739761
-0.469266
3.593972
-1.523308
25.311222
1.598323
-0.808265
-6.847853
1.285501
2.053294
-7.191571
-9.099843
5.664172
5.625249
-2.283929
-2.056266
4.267097
3.960526
6.917340
0.997290
-1.734309
6.257787
-4.271891
1.939226
-3.534237
7.355408
-0.771191
1.259911
6.824775
2.719848
-5.505709
-4.038465
-0.609453
8.591161
4.163461
-2.224828
5.734802
-2.299352
-7.187542
6.827939
1.718377
9.430204
-1.326222
6.527827
-9.264913
-0.043394
-1.369247
2.301349
-15.354439
5.999009
-6.819270
4.419607
-3.298624
-7.676356
-4.309408
6.358817
5.212248
-4.001080
-15.960725
0.355395
0.849604
-5.083353
-9.022042
8.770229
4.522542
5.098078
5.707674
-3.303847
3.003315
-11.368929
-0.437010
-3.139425
5.366590
-5.296332
-1.819547
7.517291
3.234317
9.682681
0.504514
-2.569100
6.498042
0.255709
1.981150
8.299684
-6.374844
-4.970204
-7.011005
-5.395593
-3.224606
-15.477502
5.862007
-9.420885
-10.143841
3.642835
-3.022171
-7.186578
8.376381
-3.957731
0.552899
-1.889727
4.189894
-4.494465
-5.287382
-3.646082
2.589923
0.635075
-3.007063
-2.565476
-3.046433
-2.760928
-6.651968
-2.906037
-2.458158
-1.106137
8.001132
-4.545239
-0.005675
-8.431570
-3.592603
-7.064889
0.784561
-6.958481
9.791186
2.020689
1.171218
4.913139
-8.998448
9.475075
-10.792584
-3.173285
2.383778
-8.000655
-4.605515
1.895716
-6.980220
-5.706106
2.302424
-1.407954
10.242105
3.561166
-0.363681
-0.359499
5.191426
-6.008387
8.469058
-4.724057
-5.261655
-7.884752
8.141156
2.632710
-10.781916
-2.281694
7.664862
0.953887
3.493252
0.447064
-1.558358
-13.209444
5.299797
2.705389
1.125564
-3.984590
0.121793
0.440011
-0.484295
-5.961586
-3.094769
-3.734148
6.307739
-12.883519
1.909941
-8.845761
3.736512
-10.797060
0.202276
-2.298782
-11.701159
6.530203
1.620964
7.345243
8.028151
3.171521
-5.747443
-13.259562
4.375261
-3.399205
0.417586
-5.117430
-1.275038
8.392095
6.933652
0.010543
4.777272
-0.526816
-3.690025
4.432367
-13.326362
-5.702374
-2.591758
-10.520036
-2.875753
1.836865
0.618904
0.091052
4.379034
-1.687010
8.758783
2.052825
-7.543652
3.441593
-5.788758
-12.800696
10.188500
1.192453
-1.736174
0.500466
5.140815
-7.106062
6.445465
-1.415548
9.672629
5.600802
-7.587649
-8.113501
6.574846
-5.170416
6.535816
-1.403741
-2.183644
-0.650313
-13.859232
1.894657
5.129360
-10.279610
-10.975034
2.993737
3.304971
1.724166
-2.696644
4.989631
0.968669
-6.266950
-7.484421
1.405550
-4.918200
-1.354915
5.573927
-0.877236
4.727213
-4.082524
-2.459377
0.017158
-0.528647
2.785528
6.217310
6.017209
6.846863
6.137755
-8.869476
-2.514056
-3.131572
-6.585612
5.193655
-3.335814
-0.127247
-2.129791
-6.794584
-5.125937
-9.236057
6.619908
0.331581
-3.551234
18.335121
9.544865
-1.006602
7.302733
-8.122897
0.687774
2.000796
6.636933
3.358219
-3.249543
-0.788959
-1.046504
5.538545
-0.070828
8.188555
-6.249256
-5.562334
-3.883636
6.550363
1.674789
1.499793
-5.219738
-4.092268
-2.910863
-6.353368
7.703908
5.816491
-5.552276
3.603654
-1.246101
2.212082
1.194213
0.576199
-1.126698
-8.403256
9.516043
0.019368
-0.485220
-5.663662
-7.644072
-3.535028
-1.809388
-1.498515
2.526030
-0.690813
-0.466436
2.565158
11.925104
7.680367
-5.446410
11.289159
6.032873
5.257399
-0.845711
-6.909906
-4.547065
6.032336
-2.768031
-0.636568
0.985797
1.615144
-3.477697
-4.818261
2.775825
3.081431
0.168470
-7.909598
8.094428
-1.958447
2.087573
-1.860680
-5.453419
0.347950
4.433563
-9.860112
-0.175254
-0.832994
-3.891305
2.192741
-4.226283
3.595534
-0.898801
-12.747149
10.100454
-1.017022
-15.112161
7.738936
11.026107
4.465389
-0.017575
-3.768255
-3.982152
6.419826
-7.168159
3.292878
4.587810
6.067531
-5.275390
-8.662558
-2.558474
-5.824044
1.213602
-1.197055
5.607177
4.751317
2.463479
-6.265544
2.420839
7.850675
-3.400790
-1.936009
2.856172
0.353139
1.515889
-2.342964
-1.132660
2.977634
-5.953458
-5.253541
-8.115341
-7.411634
-6.483921
2.176060
-6.908035
-1.467029
-7.911039
-10.048742
-1.679635
-6.727102
-2.540912
-0.828180
5.911911
-2.944988
-7.126530
-10.292244
-3.375371
-8.618301
-3.357366
3.279052
-1.819163
5.713808
-4.709166
6.890126
0.606927
-3.690477
0.460041
3.533997
-0.685301
3.032516
4.112123
9.126765
-9.823874
4.887915
-3.701948
2.747878
6.520928
-12.387956
2.256749
3.970311
5.746818
-8.019775
0.122161
2.188023
-11.032571
-0.063839
-7.984044
2.756396
11.249204
-8.348311
-9.844175
3.880932
3.073787
-3.741596
4.305706
-4.238733
-4.278734
7.699821
-7.348141
2.705243
-6.644188
4.662312
1.670053
2.909858
3.211299
4.019593
4.087617
-9.270940
-2.451963
3.702324
0.719125
-18.418733
-1.913066
-3.488489
1.308827
7.033801
-3.784894
-3.241028
8.363645
4.258732
0.058920
10.960923
4.902633
-1.186589
-5.465329
-8.745836
-0.511662
-6.347182
7.163647
-2.781385
4.206051
5.080753
2.516655
-1.382257
-3.344568
-6.452580
1.334886
-5.142275
-9.186258
-2.203801
-5.751304
-6.666263
-8.242752
-1.144569
-4.348892
-3.965934
-2.482878
9.706395
0.563374
0.150444
-8.322799
-1.192912
-1.515756
8.682702
14.726887
-2.710122
-0.269550
-10.110110
-5.129058
-9.266480
-8.762914
-3.063415
12.345700
-1.621166
-5.281082
2.144357
-4.701642
-1.976734
-0.843430
4.815673
-9.327275
8.072448
6.101745
-3.613505
9.644784
0.735968
0.905159
-0.587113
-1.279148
2.494394
-3.688416
1.976065
-5.150187
-1.609131
3.836020
4.594867
-6.990889
-8.254794
8.686564
6.658005
2.681753
-2.314022
-9.657654
4.143344
3.964838
2.990337
-7.405096
3.505028
-10.893133
-4.439793
-8.128341
-22.546027
3.913665
10.313188
3.591866
12.694964
-3.911048
-7.036830
2.100032
3.227362
2.012526
2.842864
-4.288004
-3.577478
3.986191
8.830288
-2.860633
6.340834
-7.545442
8.211971
5.163121
-6.530861
-1.567318
-1.194345
-9.984652
6.078564
2.341418
-1.278918
2.036383
-7.227231
-5.949242
-5.476006
5.212457
3.738362
-7.507862
15.646248
-6.653416
3.844681
8.282945
0.629117
5.726920
2.448718
-11.614316
4.240018
7.152807
2.870912
-3.330484
5.375266
-5.682089
-7.707944
12.903681
-8.247413
-7.798073
-8.627498
-2.301591
-2.620615
1.632947
7.390215
-3.083863
7.032666
6.791167
2.134414
-8.173176
0.880217
-0.350415
0.847867
-0.009201
-0.761450
5.246147
6.549571
-4.048765
7.772163
-12.202700
7.914765
-2.762378
3.107981
0.721926
-6.961249
-4.068615
-6.168096
3.737400
3.843020
-7.579165
6.399654
4.504940
0.874620
3.591987
-4.536310
-2.765594
9.472168
6.921812
-3.940733
-1.938011
1.185079
-5.673065
2.852763
-9.447371
7.434108
-4.696714
4.335353
1.237655
-3.966831
8.726492
-5.923909
-0.590025
-0.322282
-1.853048
10.211342
2.512235
8.881485
0.364213
-7.895458
-0.971257
2.619141
4.722707
7.440108
-6.229334
3.302967
-6.706076
-0.982374
-3.484086
7.071660
-7.566204
-4.130632
1.540538
4.088921
-6.164964
-8.238499
4.757963
-1.924637
-5.578904
3.453679
2.505777
-1.185780
7.085085
-1.928139
-3.905043
6.160701
-4.920958
-5.505810
5.807895
4.495353
2.442705
-0.723868
-6.034387
-2.657459
-1.600871
6.745349
-11.464440
-0.606185
1.679269
-7.573591
4.590771
-11.841328
-4.575914
10.812783
8.759750
-3.379453
-1.050065
-6.384536
-6.274966
-6.960511
0.674237
8.095262
1.375535
-3.702649
-7.345970
-3.279260
5.806772
-10.690373
-24.726841
5.721585
-2.856910
-6.996009
4.119001
-6.731256
7.890066
3.204396
2.213107
-2.730184
-6.222893
-1.484041
3.319166
5.685650
-3.128309
0.571261
-3.201110
0.772208
10.179582
-23.607395
7.177022
-1.688999
8.195611
-3.771851
2.363499
-12.600665
3.574854
4.978055
-6.588627
-7.423617
6.883485
-6.579869
3.076207
3.841877
-10.321749
8.658638
-10.981931
1.789277
-8.126812
-7.421300
-0.678988
-2.153779
-13.864057
3.037617
2.024796
4.507767
-12.942676
3.177994
-0.389283
3.486018
1.901745
-9.515930
1.738093
8.774200
4.906916
-1.259582
2.144507
6.035878
5.589521
4.734628
9.933130
-1.366297
-10.578081
-7.117244
-3.314566
-1.498751
1.699047
0.745919
1.565336
-6.792322
-0.158861
1.733956
5.606607
-6.027905
-2.535937
2.876775
-3.047894
6.775702
-6.606363
-0.906957
6.243000
12.302360
3.487349
4.969284
-5.139894
3.853140
-1.110335
8.526358
5.594435
6.417682
-5.433020
-6.405051
0.702367
-0.080987
2.250913
0.954000
-6.280495
4.063883
3.441096
-11.472393
1.411512
3.086720
-8.068628
5.341866
5.901622
2.919060
0.046606
4.926120
-11.307626
-1.545945
-10.327695
6.450715
5.226985
-6.145436
-1.288163
2.849185
-1.237371
4.615033
6.141677
-10.134606
1.693709
4.664169
2.389446
-9.146015
1.224030
5.758447
-1.745220
2.141466
-8.524228
-5.614938
0.620345
-7.623835
2.830204
-3.002348
1.573387
-7.657818
-0.567218
4.060251
0.326657
-3.628240
8.714874
-5.362239
7.262105
4.407358
11.743834
5.829989
-9.394432
-0.406054
-7.602376
-1.397153
-7.485962
-5.429891
5.845172
0.233439
0.084200
7.705628
0.047981
4.156863
2.210998
0.385820
8.267044
-1.575649
9.820762
-7.974164
2.637544
1.403001
-6.955395
-1.629571
-0.786597
2.428261
-3.862851
-7.355277
4.405819
1.883031
3.068408
-5.981324
-2.991180
4.770261
6.544250
-6.812419
-7.811370
-6.269162
6.755289
6.500305
6.285334
-0.139825
-5.270803
5.570181
-8.417866
7.495274
11.573410
-1.393665
-2.085057
-6.992810
0.666735
-0.776059
3.623155
-7.439847
7.484183
-4.480254
3.021210
-0.269217
1.446447
-5.655450
10.621372
-5.176615
1.359656
-9.813348
10.670002
-8.573206
-0.015998
1.001449
-11.874562
0.140673
-2.626144
2.617021
-10.790265
-11.181749
-7.887439
-7.109471
3.592281
4.830265
-3.855211
-2.890383
7.432803
-3.353891
-5.907455
13.273710
2.119890
0.306578
-0.026932
-3.399857
-1.649910
-4.705017
7.114129
2.927205
-4.903840
-2.823901
3.706113
9.243374
3.454572
-3.826506
-2.281246
-9.972639
5.438876
-5.316970
-8.321497
5.292798
0.900327
-9.804371
-2.397927
4.873694
5.419383
-0.789989
6.095378
1.331143
-5.741090
-1.685563
-5.848584
-0.283756
-5.045833
5.387062
3.934657
-2.181888
-5.322355
8.086727
5.523118
6.195228
6.523292
3.690207
10.404415
-1.404061
-2.157289
8.103793
-6.425872
0.799208
-5.726758
7.120421
-5.102492
-4.103985
-5.811651
-8.728487
6.956904
-2.853781
0.206587
5.602609
-5.859511
5.334790
-2.523126
8.725292
1.535046
2.611153
-3.079216
-9.006815
7.593940
7.130393
-6.264439
-4.552220
4.289522
3.441101
7.654889
-2.701981
5.546210
-1.117051
-8.867603
2.122303
-5.075471
-2.463443
-4.743922
3.854060
-8.767013
8.872329
-4.382230
-3.422743
4.310219
-5.565848
-3.071739
9.310728
5.736936
-3.494138
-4.183377
-3.916480
-9.014979
-9.300385
2.951802
1.304125
3.387984
6.348071
-5.133443
-0.200592
9.204380
-5.736819
1.975820
-11.161723
-5.579346
-3.650174
0.707146
0.559982
9.107551
16.410260
3.227252
9.901748
-10.882859
-6.700443
-2.383674
2.376633
5.918409
-2.524876
7.530629
-2.908091
5.293866
7.323597
1.665856
-1.849492
3.828837
11.609303
4.497789
-5.813559
-0.849260
-7.095574
-7.843404
4.075651
-4.246524
3.710028
-1.455177
-6.933632
-9.907229
6.695343
-6.648804
-6.335386
-8.879342
11.782271
-0.085541
16.283953
3.461563
18.493758
-4.192215
-3.875708
3.645497
-3.740726
5.446918
0.187526
-7.814204
5.720089
-18.926412
-10.816464
0.232737
-4.442422
0.811560
1.895951
5.684162
27.094861
4.513353
2.274734
0.340144
3.029309
-7.342497
5.496423
-6.893878
6.872068
11.683598
-1.787914
-4.170443
4.151388
-7.081343
1.325118
-3.657756
-2.082191
13.694922
-0.643560
0.790593
2.552660
5.745923
-6.307756
-2.497626
-7.890993
5.401197
-9.085958
-3.348039
3.652311
-1.074575
4.358918
-0.541789
-1.535979
-3.456376
0.381783
