1.918811
-9.483080
2.234590
0.180264
1.797850
-5.445336
-9.251099
0.338412
-3.074407
-1.970575
-7.369280
5.934909
-6.645100
6.457059
-5.892476
7.642583
-5.304925
8.836502
-3.046757
6.967742
9.430785
10.750322
8.712017
2.889225
-5.186621
6.119001
-4.618082
3.715969
4.554478
-4.164376
-2.157220
-3.726566
-10.887950
-8.444197
5.339907
5.342490
-0.842416
-1.051942
-5.852295
7.108833
-22.669583
-8.763166
1.415136
0.597573
-5.313002
7.920404
4.875160
-8.598528
-1.098586
-0.681341
-3.987586
-4.675023
-19.886834
1.700118
0.886047
3.034353
-0.353840
-1.121793
2.230285
0.598936
-5.493520
-3.527976
-2.910902
2.883428
-13.462161
-7.644186
-3.694228
0.327738
-5.888559
8.940162
-1.927879
6.185003
5.118309
1.273747
-4.502569
1.794479
9.856560
-6.903860
0.515466
7.239071
-0.229286
-7.290289
2.253060
4.603613
1.447304
2.752229
4.986523
-10.352974
8.169573
-1.905396
-7.376406
-6.131023
-4.500473
2.382929
7.496847
10.045375
-2.924062
6.290990
-8.471729
2.450496
-6.179759
1.712667
-0.828674
5.762154
6.418389
-3.786284
7.636503
-8.531874
5.986319
-2.997682
-1.520891
11.620062
-1.437835
-2.246357
-8.445060
-2.220776
-1.994017
1.121551
6.521215
5.458433
-4.051832
-3.870147
10.090367
-9.756431
2.652745
-0.769382
2.680746
-0.301160
6.860150
-7.315258
-0.813000
-10.518337
2.586956
9.347722
1.552780
-1.059323
10.152588
-10.949942
3.321583
2.122990
-4.602615
-1.274718
-15.314141
-6.027564
4.342207
4.980933
14.705091
-1.597471
6.318277
2.424972
3.121159
3.478245
1.199807
-0.145609
5.165873
2.197511
-0.504966
13.083237
-6.553093
-7.180756
-1.855709
2.268007
-8.589220
8.186336
-0.234080
-3.299119
6.784200
1.385549
-3.179734
-4.259840
6.606373
5.474613
7.551268
7.650400
5.743929
-0.413790
-3.948700
-6.135788
-7.728306
2.534803
3.033053
11.421064
4.589990
-4.242404
1.547019
6.403984
-3.359357
-6.457436
1.671756
-3.630491
12.821376
7.167702
-6.768397
-5.799264
-0.505684
-9.415295
-3.830409
-3.171794
19.733843
-5.563603
3.995955
-4.435997
7.939210
3.929099
8.415891
-4.016548
3.019989
-1.775226
-4.475443
6.259659
-11.442966
5.142441
6.637421
-6.654495
-7.727243
11.950445
-5.065787
0.722548
1.858236
-4.750256
9.209524
8.209748
7.306427
-0.535639
7.917272
8.336222
-5.955997
-7.173649
-0.462851
-5.224086
9.058457
-5.162385
-11.429368
9.202713
-4.357267
2.035298
5.836764
8.946922
7.188884
5.911419
2.141805
-9.697189
-1.200233
-4.996877
3.227529
2.515518
1.109774
0.822155
-8.283857
10.679860
3.719652
-1.326052
-4.257954
3.977305
-7.031074
-8.009712
6.885472
7.611890
-5.002221
12.206673
19.884544
-6.595129
3.314421
-8.598375
-0.295063
-1.200199
0.537973
4.308517
-1.949676
-6.911071
3.673201
2.072583
10.056834
-15.204173
-7.871874
-9.245619
1.703565
-9.476312
0.690406
4.157311
6.472144
-6.589099
6.642257
5.196761
-3.207278
-3.969753
-2.564057
5.823476
5.590623
-5.268862
10.265686
-2.323681
5.236292
-1.945422
-0.223316
-2.028130
3.610347
-0.465876
-8.743818
2.686507
-8.271433
0.103276
12.377528
-0.371753
6.583720
-8.266299
4.455068
2.527191
6.904236
4.920244
-9.031017
-6.752726
5.227499
3.443405
6.264056
7.473474
3.753933
2.062793
6.571514
7.671724
-2.048095
3.944329
-2.042386
-8.662589
-0.208530
1.930244
0.932087
13.251517
-3.465576
0.578083
-4.594218
4.232121
6.345258
-0.272821
1.048125
6.008329
-6.218224
3.928713
2.259620
-6.375201
4.529152
-4.329376
4.422517
-9.256419
-4.912350
1.008857
6.463896
9.983029
3.019615
-3.473073
-3.619058
-0.746840
0.254346
-2.614942
4.909447
-6.285499
-2.001262
-4.074642
8.084916
0.942746
-2.751190
-6.860168
-2.220592
8.905658
6.820333
-6.397832
-1.546603
2.429093
-9.684182
-2.384467
-0.606586
-1.777741
-0.992060
-15.223401
-1.506114
3.403369
-7.374014
-2.189271
-2.295259
-6.349972
-0.805172
4.043587
5.953005
3.826019
-5.822622
-9.291206
-3.999714
-4.768329
-7.530606
3.021129
0.381783
-0.964072
9.240561
-0.679724
3.196047
2.231011
12.051045
3.008782
1.601851
-0.403644
4.151223
-12.155221
-0.699211
-0.375167
-3.287257
3.047686
8.042617
4.693992
-13.521568
4.718596
10.226843
4.658418
-3.363046
4.310848
6.877945
2.170391
-4.282287
-0.000071
-7.018515
5.042339
0.966817
0.310033
-5.454659
1.844472
-2.486922
3.395260
-4.704453
0.511573
2.714082
2.929430
-1.736462
0.111966
-7.235937
2.758406
9.596185
12.126016
-8.270207
5.889914
-3.741117
-4.462028
-4.341412
-5.309830
4.493828
-6.631519
2.846451
1.462141
-3.481954
7.033765
4.432969
-6.804267
-1.947473
-0.141352
4.941432
-6.393754
-2.277739
-1.927439
-0.354970
-2.903419
16.285378
-1.139161
-4.423122
-12.409850
-4.930698
0.462520
-10.103642
-5.193156
7.363084
10.101680
-7.279421
-6.769355
2.017910
2.675604
5.466149
-9.616648
-6.680236
0.226945
8.802344
-5.074009
0.853149
0.604446
-1.344559
-6.027719
1.840886
-0.518591
-9.454597
-9.586296
-0.582910
3.290688
-1.091273
6.401357
7.711624
1.526791
-4.782695
-4.226627
0.269980
-2.355489
-3.706164
-5.096724
5.499220
3.007559
2.302888
-8.392759
1.979731
0.415452
3.603280
-11.243961
0.283625
4.836532
-5.637919
12.140992
3.934081
-3.362442
3.989718
1.136096
3.799541
2.318269
0.745621
-10.625989
2.277782
-8.718693
-1.355373
7.013642
1.348376
-4.871660
5.484524
-6.783925
7.111687
4.353589
1.692091
2.324677
5.227844
-5.512332
4.685704
-5.545654
-7.079516
-16.549309
-1.736959
4.838201
-7.296582
-3.103360
-12.369071
6.524034
-4.740695
3.530402
3.276556
-6.876084
-3.456748
-3.243738
-5.071330
3.730274
-11.278074
-6.083209
3.099267
-4.377324
10.590369
-6.223063
-5.955046
8.391330
-1.014470
-4.610417
3.123768
-4.375735
-3.697174
1.774285
1.777315
5.502829
6.855450
3.991824
-6.990627
8.795952
-4.259572
23.625776
1.701050
-1.660845
-4.809380
3.877716
2.093123
7.474504
-7.162276
-0.965593
-3.224689
-0.550484
1.803663
8.627727
6.454238
5.931455
-6.457317
3.202282
-5.018390
-2.301297
-3.781156
5.359018
-9.049319
1.954197
-0.262906
0.389157
-1.672090
2.143730
-1.447418
12.159941
-10.910055
4.130052
5.752370
0.849073
-5.579599
5.760392
-1.924868
5.072207
-4.741442
-4.815886
-0.184312
-4.673160
0.077575
-7.978553
-1.211259
1.526949
-7.632984
-3.281524
-3.973639
2.414173
-0.350999
5.150099
-4.012648
6.151973
-0.325382
-0.445249
-1.984982
5.433700
-7.483321
5.227975
3.715860
-2.167953
-5.479109
-3.239153
2.541008
-4.472785
-1.726948
-6.213662
1.714539
-1.204295
3.691747
-6.293871
1.329915
-7.986561
6.976299
2.207494
-0.716952
5.123264
-3.542763
-13.954926
3.933449
3.004613
-5.959645
6.266926
5.192670
-6.008264
0.285844
5.345658
-2.201875
3.785518
9.294027
0.172797
-3.408887
0.758183
1.391713
-1.182563
4.074302
-5.020000
-5.769670
1.645057
8.703817
26.560781
1.980273
-5.592805
-3.692134
1.147980
3.573099
-2.207204
-10.454581
-0.161140
-0.452348
-2.765892
0.320411
-1.726596
-6.840036
8.979555
0.713320
-10.507139
-11.953140
18.428588
12.779317
-8.449851
0.996107
-8.896224
2.166847
-5.466904
-6.374172
-2.454130
-4.584590
-0.514632
9.330829
-6.313960
5.432485
7.563423
-1.000049
1.053680
0.874643
-7.729491
-8.397546
5.230592
2.806424
-2.938499
-8.394430
-7.925600
3.260400
-9.687903
0.827653
-2.954277
-1.044049
2.841636
-2.663351
-2.179674
-1.841926
-5.015342
5.564645
-1.481210
-5.696991
-5.017623
8.664228
9.472420
-8.021515
6.300228
-5.285266
-9.528044
-1.202517
8.561035
-4.813674
-6.732863
6.315845
-1.508956
-13.086278
-2.598765
-3.138221
-6.600242
-3.373343
-7.322961
2.772841
-8.494624
-1.969017
6.171744
-4.370201
8.754827
3.405586
4.534127
-1.420256
1.610443
-4.527250
3.243841
-5.015066
-4.972919
-0.799366
5.143697
-9.975602
-4.507541
-8.717859
6.582242
0.503390
2.860818
1.847834
13.053284
-0.060926
-8.905645
-4.820868
-3.055478
-0.724627
-3.412301
6.251889
-3.253021
1.506455
4.104533
4.899887
4.652050
-8.419654
6.310093
-5.994641
-5.633815
-4.601001
-12.906397
4.391369
7.143918
11.226330
2.284126
9.183240
2.245326
0.667561
-3.169979
2.374686
1.293557
-4.030084
-2.409849
-4.332650
2.084741
-1.654911
-7.174028
2.265366
2.993027
7.719610
-3.739282
1.340205
9.388406
6.287914
1.112204
-1.708440
-5.597305
-3.493048
-4.758027
9.624648
1.605578
7.165177
-10.486058
8.044933
0.232957
7.082521
-5.240860
-2.177542
-3.723821
-5.616317
-9.372911
-8.714218
-2.891498
2.768401
-1.340150
-4.777642
1.281883
-6.796427
-0.564696
-1.823087
-9.560370
-1.145395
8.140917
0.263131
-3.146553
0.959762
9.027426
-9.916508
-0.519043
-9.272620
1.006284
-2.545239
5.352332
15.396733
-1.098113
-5.015292
-4.573661
9.681169
14.215559
7.030565
-5.127500
-6.675021
2.419318
2.143138
2.004255
-5.345336
2.051251
-6.356499
3.526146
2.352969
-9.845284
-3.857656
0.969900
3.994278
6.890265
10.734476
9.849176
-0.802355
3.376583
-8.973530
5.742969
2.937302
2.488599
11.789771
-6.455099
-7.797949
5.446892
-1.904582
-0.807287
-7.259579
2.238556
4.542170
6.638044
-2.905773
7.285030
1.161179
-7.098986
-10.883030
-1.269909
5.109952
-3.118757
10.299203
4.027231
-0.413315
-4.944595
-8.251820
2.300533
4.289914
7.714277
-3.266915
-3.531422
5.082977
1.500346
-1.731962
1.919430
3.793635
10.562889
2.026174
0.668764
1.388117
-2.378111
2.780060
-2.728773
-6.366507
2.607366
-0.859850
6.142246
3.150928
-7.953334
6.441857
-6.522589
1.250361
-0.714865
2.426174
-0.300482
5.880787
5.904164
4.074011
4.465720
2.535916
-0.402712
-0.009365
3.882070
-8.125806
-1.086170
-8.399571
3.932121
-0.287905
3.558566
1.700012
-4.858050
0.804072
4.049000
-0.282054
-5.203900
7.477548
16.223058
6.091377
3.036418
1.818518
-3.107996
-2.066337
-6.823613
-7.973603
-6.026013
-1.751402
3.230974
0.915627
1.285116
6.509216
-2.143265
-0.811755
1.391226
0.312549
-8.710834
-2.012293
-4.011798
-4.115355
-5.744584
4.996753
1.413417
-17.264257
2.569404
-2.625240
-10.007342
9.488158
-4.964163
-9.401631
0.516352
-4.311905
-3.859165
1.768514
-0.974503
9.691979
-4.957283
5.546989
-10.566894
-5.837653
-9.521332
-4.517088
-6.868724
2.967201
1.251483
0.386291
12.146910
-11.861576
-6.585679
-6.624242
-0.452151
-8.138157
5.093714
-4.379457
0.803288
-6.269571
5.412432
13.254715
8.089972
0.421107
7.848433
2.962635
4.932707
-5.409647
2.630518
-6.121147
-1.797637
-4.646149
-9.015219
8.342103
3.866297
-2.642478
-2.011282
1.179440
2.132015
-0.370227
-0.688456
5.719578
3.890422
1.673614
-1.952334
-5.499995
4.950538
3.115910
3.329468
0.891498
2.152589
-4.978710
-4.172431
0.315796
6.918657
-1.146053
-6.447050
-4.013211
3.914446
0.274133
-0.590267
-7.734948
4.336058
-8.064175
-3.953076
-4.387959
3.817884
-3.543483
-9.094547
2.519441
3.614314
-1.050753
9.010104
0.223076
9.045197
5.422486
-2.313541
-4.228651
7.293396
0.826984
-4.190495
-4.204366
2.289893
2.776894
-2.661568
6.061471
-6.414499
-2.035157
12.911033
-9.193193
0.546196
3.577975
5.288712
5.745115
6.153292
-0.680200
5.416087
6.302904
-1.574284
-4.282769
8.610936
-18.862590
-1.875294
3.236842
-2.082089
1.011006
5.194171
-1.934716
-2.639818
1.409872
0.947866
-1.492068
-0.529104
5.430186
6.735210
-9.360420
2.577584
-2.092234
2.212414
5.800019
7.221578
-5.726119
6.261970
-8.370257
-5.644001
5.066413
-1.173983
12.728377
1.468880
6.833939
9.738299
2.949207
-1.373059
-9.719891
6.505106
5.612459
7.046251
-2.960330
-6.208806
-6.856115
3.846454
-3.861584
7.856855
-2.690318
-7.454875
9.409143
-2.087290
7.449583
3.210015
-4.123126
1.728287
-2.742912
-2.225515
0.329747
-7.953528
-7.440294
8.741397
6.339828
-4.019011
-6.463374
3.376927
5.379392
7.177868
-2.020260
-5.937903
-6.116904
6.560837
-1.041942
-5.309169
7.890014
0.778009
14.511677
9.384325
-6.496530
8.730570
7.045949
-2.041085
-7.419779
5.567422
1.256501
-12.633722
6.177243
-14.370314
-6.613486
-3.366164
-1.687862
0.614535
5.133011
7.855834
-9.482238
-11.287815
-9.638359
6.753617
3.032283
6.681454
2.378653
8.561802
3.879077
-2.133287
8.977564
7.310595
-9.450689
-0.058922
-4.616096
-11.193378
0.030089
8.779067
1.677663
-1.992543
-11.212079
-4.224736
5.406110
-4.107412
-1.595133
-2.637468
0.002990
5.235204
2.287589
8.853505
-8.921824
4.483404
1.371228
-2.488885
3.765829
-12.615268
2.818167
-2.337796
2.545722
-4.450141
0.264062
11.245201
-10.673633
4.730664
-2.821598
-0.948772
0.465373
-0.794048
-22.152038
-0.031306
1.557107
-4.669125
-6.568517
-7.016012
-2.996552
-0.578509
2.550466
3.176681
0.195696
-4.527793
0.389594
1.087928
-0.577550
4.202479
-0.875850
4.569804
3.124069
4.408091
-2.920763
4.163178
1.927718
5.876171
-5.579874
-4.146562
3.464585
-0.476405
12.678815
5.075136
-2.254888
2.176625
2.393201
-7.790692
7.828612
-4.611550
1.742143
-3.709836
0.109969
2.811121
7.669289
6.338385
7.741565
-0.531622
0.292302
-1.991950
-13.143467
5.164047
1.103278
12.940626
3.105897
8.475277
-8.454709
2.977654
-0.067431
5.323014
3.046218
3.858369
6.020873
0.918414
-1.656197
7.246622
5.355275
6.712432
-12.149744
-6.074094
5.009015
5.323234
-3.168649
11.678069
-4.416706
-5.619446
0.687322
-1.739384
3.431660
6.062779
-9.012472
-13.212729
3.218407
-3.342153
6.633243
10.096444
-2.653042
15.036911
-9.461568
-2.764569
-2.323437
7.642378
0.537240
-6.796903
-0.734908
2.285905
10.226056
4.810182
-0.101136
-8.724893
-3.478580
1.872355
6.557392
2.259945
-4.581404
4.993260
6.463165
-9.122220
10.123779
6.518463
-1.070613
4.714431
3.144083
2.227770
8.614699
1.323065
-1.667832
-5.301629
7.910699
-8.913768
0.250242
-21.612522
-1.369864
-1.455440
9.058114
-7.996580
-1.611590
-3.261526
-2.447928
4.180258
-7.456960
10.765891
8.291698
-7.917539
0.581805
-8.627254
-3.938920
-0.063170
4.346642
-5.404643
5.706025
3.485444
-1.236795
-14.061615
8.645948
3.474333
0.943427
15.947523
-0.933544
-6.277636
7.919099
-2.218575
-7.760839
-2.128929
-7.356550
7.276997
-1.101434
30.464639
-2.061588
-4.361558
5.161906
-0.187147
-6.115105
0.518210
-1.182451
0.155935
-2.971296
-0.545722
-9.873834
-3.956445
5.599611
3.996751
-12.832380
6.446406
2.094359
4.046491
-6.144635
1.752570
-10.140771
-3.894208
-1.904344
-3.669700
3.351390
-7.761725
-4.363255
4.171536
-2.161162
2.724328
-6.865517
-0.558649
1.309838
3.601510
-1.491787
0.982819
5.795814
-2.295523
-5.165755
0.214109
1.582913
-10.791467
-4.345008
-2.416872
-5.502027
2.958573
-0.439155
-5.570647
-1.776102
1.179925
-12.768770
7.688008
-3.506725
4.512120
6.521142
-10.990016
1.646704
7.373474
9.616952
5.563672
1.248800
-4.164150
-3.294517
-6.428108
8.225018
1.136510
-0.631136
2.220624
-6.652518
-11.134815
-3.644672
8.491802
3.568276
-5.707192
-5.096594
-6.127694
1.481862
13.475681
3.370257
0.691242
0.243822
8.626155
0.986384
-0.948669
2.639630
-1.941573
-7.784932
2.819222
-4.545257
-6.615751
-1.354586
1.320556
6.295954
-1.479386
6.317192
5.310518
2.476877
-7.613368
10.695218
-3.675209
-3.680196
-3.825776
5.770553
-2.174788
-7.336498
8.068138
-6.553543
-3.998611
1.650057
-4.536641
9.702663
6.136745
-6.198689
-8.184159
-6.442546
-6.016252
5.044656
5.297626
-8.343070
8.356633
-8.380024
-3.159495
-9.346951
-3.522830
4.730951
0.350814
-3.499761
9.428656
-1.068752
-1.088114
-11.796739
-9.207992
-13.558885
-7.344097
3.840530
2.245798
4.089324
0.325001
-5.030959
-10.112587
2.513953
0.827467
-16.404610
-17.475050
-14.061852
-5.209162
0.445359
0.564814
0.238132
-20.043748
-4.928377
-0.754817
-11.488937
1.318829
1.998135
5.873321
11.646495
4.961413
4.200567
17.912030
-1.999633
6.709069
6.848954
-2.215046
24.638020
5.708706
5.412545
4.356986
-0.177586
-0.014252
-7.484352
6.612431
1.425636
5.887218
-0.447360
0.572804
-0.858082
9.492404
1.079797
-6.242531
3.469265
-3.030391
9.800493
6.698660
3.983143
3.795377
-4.747353
-7.641166
-2.915476
-0.381494
-4.105662
1.538023
-3.079849
9.166829
10.248326
5.094440
-9.194589
-8.170335
4.107446
10.404234
9.652322
-4.872019
10.670625
8.055445
1.894585
4.231874
0.666336
1.112819
6.040756
-5.950574
7.988422
-0.445015
4.410910
0.917844
-6.010014
0.529422
-8.004896
4.418201
-11.956051
-8.345855
2.205676
-4.667777
1.107762
-4.061163
-1.893585
2.373930
-7.346640
1.518232
7.234924
5.136074
0.649850
9.480312
-4.039303
0.570323
9.745674
5.416130
6.382620
7.545933
-14.528166
10.854504
-6.667904
1.707950
3.052301
-1.876757
-2.667743
-3.081141
-1.550556
-6.122218
-2.553206
-10.432215
22.021996
-2.245104
4.810083
2.053622
-3.639071
-0.597545
7.846633
-0.691318
-2.481592
4.831260
8.523889
7.377781
-5.781204
10.320493
0.248776
9.118061
-1.469192
-9.612004
-2.393858
5.957229
-0.380612
6.083720
2.000140
4.090332
9.898835
-2.833609
-12.586783
3.116159
-4.558407
1.178584
7.191134
-9.402540
-1.612788
-1.130876
1.659177
2.542044
-9.583332
-0.288985
2.835216
-0.538340
4.263298
6.146351
0.469440
5.757175
-9.822051
-6.122850
-22.517050
-1.997310
1.456921
-6.970101
-0.717184
3.844958
11.866133
-7.523109
-3.340548
2.352559
-7.185254
-9.490478
-0.983320
2.011434
-8.598477
-8.978138
4.793409
1.019885
-1.817400
2.596610
-4.654634
-0.618922
-0.585902
4.573335
-7.690307
4.341990
-8.423538
-8.922718
-1.425385
2.603059
-0.150780
-5.843484
0.693049
-1.599566
-11.469026
8.693416
-0.348968
3.398639
-6.181308
3.722334
0.151970
6.051167
1.627458
7.024787
-3.441952
2.776069
6.980889
5.281586
6.351126
6.578450
-7.210886
-6.898789
3.763615
-10.588564
-8.860315
3.400773
4.515543
-1.421753
1.351249
1.591324
4.038295
-6.403552
0.098877
-2.283283
5.985836
-2.462925
-6.273435
4.497558
-6.649083
-3.483635
5.478328
-0.006760
10.361801
6.017250
3.868534
0.167890
-1.431613
-7.202628
6.472586
8.579955
8.396937
-4.316948
2.656185
0.467111
4.181481
5.851704
-1.630354
5.699113
2.609373
-4.255651
2.343301
-0.839659
8.265938
-7.188411
0.800156
5.051078
