4.953167
-2.710427
-1.518068
-3.347782
2.014534
-6.010297
10.153863
-13.644808
-5.552514
0.949592
-12.972442
-1.837205
4.455080
4.026838
-5.472749
-6.281670
1.117365
-3.651507
4.873915
-10.122386
8.976743
-0.388489
3.127950
0.067482
3.017363
-2.607003
9.029585
-3.908317
-3.213830
4.534009
10.033966
8.786091
1.217542
0.015794
-6.883699
2.690232
1.219960
-1.067924
5.643185
-6.350141
1.984121
2.004937
5.596460
-0.033176
-8.075631
-7.133802
-7.216256
7.750678
3.215026
5.036270
0.100628
-1.804797
4.251324
10.162917
6.598453
9.329049
-5.816651
5.472879
8.296262
5.867970
3.980898
-3.843006
-14.637769
5.118538
0.479994
3.700199
-3.724518
14.907459
-5.510263
-13.426787
-8.417735
-1.912785
-2.316485
-8.973407
-7.504564
6.536676
-2.682206
-1.311268
3.206034
-1.516248
4.897770
-6.989789
-4.647717
-3.699714
-9.911945
7.753303
-3.952531
-0.226555
8.102421
-4.425027
-4.009973
-7.654495
6.432140
-2.609323
2.199564
0.841298
5.057527
5.179348
0.553789
0.116085
2.135830
-8.336529
-2.010505
2.834301
-6.855464
13.865423
7.789745
3.448516
-6.389770
6.820831
-11.205985
0.144046
-3.194400
-6.971523
7.015630
-0.040966
-2.150523
-2.258527
-8.737586
-6.368157
2.790265
-7.634872
2.476192
-5.108199
-7.150160
-9.779870
-6.235597
-3.486954
6.285585
-5.756932
-7.715158
-5.440510
-4.365804
2.256726
-1.315939
9.374304
7.394848
-2.781465
-5.695538
3.719571
-7.443506
-3.435197
-2.625987
-4.451264
-1.123914
-6.354939
-4.149608
0.592223
9.615701
7.400892
4.577254
5.164266
-5.626238
6.187189
-4.456735
8.982478
-2.024280
3.344464
6.064501
4.757849
1.438255
-3.759690
-4.435851
8.580185
1.845641
1.487312
4.329173
0.001917
9.556139
1.960755
-4.565008
1.412577
5.291351
-5.982566
5.954531
0.210024
-0.637723
-8.624837
6.965198
-9.112056
-0.040750
6.866091
-2.717044
3.344913
-3.898108
-1.889473
6.008661
-7.756138
4.382699
-0.960499
5.514402
-0.786371
8.821282
-1.173671
-1.157352
-5.289320
2.869503
-18.407045
9.308829
-6.129293
-9.549851
-9.823277
-5.203154
-3.584193
-10.312934
0.281541
7.392253
3.061115
8.585232
-7.457996
-1.751733
-2.052863
-4.631049
3.285144
4.842978
-7.038034
-0.820031
7.286451
-0.341748
6.986827
-3.412334
1.582028
-1.308666
-1.790265
5.381305
1.325758
1.794483
-15.706686
-0.268223
-2.370361
3.451175
-4.013469
9.714476
2.264847
-4.792190
-0.771793
4.972570
-2.203152
0.351071
-4.007071
-6.477147
-0.728533
5.840268
1.800573
-6.217630
-9.277574
-1.267519
-4.585702
0.020044
4.430620
-3.725518
-1.015782
-3.270995
1.728673
-1.619784
-0.097050
-3.899996
0.862124
-6.130203
-2.693309
-8.799004
-4.650232
2.696812
4.737285
-1.849609
0.601149
4.710915
0.738539
-4.455320
-1.574169
-3.772690
9.520713
8.092477
5.489811
1.426989
4.738799
-10.784513
-10.510150
-5.969498
-1.101510
6.971247
4.302881
-9.560390
0.494350
-7.849636
-3.358316
2.822951
-4.468232
8.085619
8.341562
-7.995848
13.512077
8.481836
-8.642122
1.992179
-7.225759
1.256792
4.936930
-0.143495
0.097980
1.696718
1.389379
7.962468
2.697156
-5.807915
2.805787
5.477054
0.413645
7.187313
-7.078676
-6.956945
-6.231541
5.552458
-8.225432
-0.166478
9.416357
1.953582
-10.260556
-1.677279
6.585921
1.059947
1.338086
0.117910
-5.515115
4.293924
6.101630
-5.472926
-3.287537
7.349887
4.117524
-7.559994
1.717437
1.216760
8.958759
-3.019854
-5.619994
-9.404994
9.993206
-7.033789
-5.468864
2.145618
-10.982696
3.468314
-9.475205
-7.233169
-5.230219
-3.359156
8.545942
-2.996531
15.719624
8.087988
-5.719672
5.540064
-13.703688
-6.123450
-3.788651
-5.713376
-0.220114
-8.591450
5.063459
7.483005
8.426493
-0.099687
0.068858
3.471347
-2.724390
-3.027043
-4.502133
-4.273051
-3.131548
5.740406
6.425032
-1.160637
-7.657537
3.405668
26.528598
9.585554
9.819618
-8.351692
-2.898778
-7.913385
-1.952668
9.343449
1.827784
8.749151
1.262402
9.669431
14.953027
2.083125
-1.167935
0.011857
3.824951
-0.288597
1.435665
4.249258
9.530882
-4.544433
-2.213201
9.231209
-5.443353
0.386953
0.400182
-2.260295
2.509075
3.605381
13.389117
5.351526
0.585048
11.000400
6.813285
-3.351163
-2.682255
-2.798045
1.628551
4.292233
11.908105
0.496478
5.099930
-4.505024
-6.309450
7.138123
0.136965
2.210920
1.847006
1.883015
4.307770
-1.015241
-13.339807
-5.639506
-4.648736
0.638099
6.401775
-1.482404
-12.327054
-8.904467
8.395702
-1.062149
-6.985182
-3.877276
0.836602
-0.390313
9.567546
7.295339
7.657974
7.315389
-4.675389
0.010423
18.099298
1.944615
9.851728
8.243065
-5.246151
-5.449836
7.021970
-2.180560
4.530049
-1.201814
-0.268329
2.445624
6.420367
9.046343
4.310735
0.884077
-4.655959
-8.490967
1.320624
7.427753
13.074743
-5.723755
9.320848
-1.354379
1.976492
6.395934
9.672587
6.469697
-3.192221
-1.903043
7.998847
-8.422410
5.769985
-9.973939
3.367092
-6.235700
2.373738
-0.431101
4.706427
-0.336820
-7.222473
7.659024
-10.274374
-0.979427
5.452246
-6.753499
-9.685268
-13.537872
6.971826
1.388182
0.070301
3.654463
0.626023
1.074103
8.686945
7.181635
-8.627887
0.428903
-0.197708
-9.666959
3.592059
7.201528
2.713010
-1.722738
8.024268
6.104376
2.578426
-6.168750
-1.585143
-0.064038
8.969990
-8.914540
-2.700793
-1.518309
2.219452
2.331533
-2.641660
-3.750699
-13.012484
8.317113
6.973383
5.719069
2.091291
4.230805
10.847263
8.782937
-7.125133
-6.500867
2.932093
6.591352
-4.245415
-1.129630
-3.126244
-8.627770
-3.097828
5.178114
-7.202409
3.118911
13.838882
4.237500
2.570306
-11.072786
-6.062672
-3.222005
-0.562050
4.505098
0.095783
7.920156
1.731669
-8.844976
-2.221780
0.716053
-1.860204
5.149696
-8.579148
3.467966
-3.741435
-6.136205
-4.495598
-4.759536
-6.819088
-1.957217
3.535547
5.698450
-1.046735
30.885084
-13.165414
1.551769
6.398997
-3.782858
-1.299010
-4.423962
0.083283
-0.445950
6.123617
2.962854
-4.757606
0.102044
-9.697571
0.569129
17.685695
-10.519202
7.713006
9.269932
4.428530
-3.854508
0.121922
-13.167332
-3.720018
-2.226210
10.181358
1.884567
-4.970033
-5.139111
-5.374724
-1.772832
7.552431
-3.228430
-5.088454
2.738251
4.502679
-15.193074
5.671794
-4.245343
-4.543224
-8.066917
-1.795967
7.209298
-0.793346
-3.812749
6.255527
7.245184
0.783336
-11.085649
2.854455
1.968889
1.699907
-1.099369
-7.190736
-4.175529
9.415823
0.743335
-6.915691
-1.709078
2.845019
-2.378164
-8.314891
9.349961
2.390273
-5.421950
4.498115
9.931912
11.377395
-3.927241
-7.263032
9.167128
2.715744
-6.613002
-0.877083
-2.145975
0.777021
-7.346168
1.516783
-0.965500
-6.072267
1.971177
-3.679119
2.610166
-1.218362
-1.115432
2.298081
6.842936
-2.582811
-5.239909
8.908698
5.203417
5.402334
2.234245
3.266615
-0.588686
-6.320923
-9.265190
-2.839810
2.502995
-2.604111
-7.736628
-0.023478
-10.161334
6.687036
4.432961
-6.211053
0.341979
-0.651880
-5.481048
-0.279013
1.978735
-2.929750
0.490757
0.710142
1.540681
-0.286581
-2.163980
4.604658
-7.565824
-3.236599
3.236076
-0.793708
-19.510168
0.569074
5.928332
0.352323
-1.084796
-2.069145
-8.270814
-3.834360
-0.718775
2.102799
-5.982404
3.172712
-0.876537
-0.844085
1.861449
0.277666
-5.437765
6.277278
-2.290222
3.625126
-6.858620
-6.826940
3.154082
-0.016304
7.608256
1.315069
1.318417
-1.564500
-6.570352
3.980066
-1.480240
0.162648
4.809705
-6.426497
-1.447603
5.443027
6.539516
-0.353411
2.318566
-1.871543
8.469618
-5.961131
-0.070159
-7.520163
1.423690
-4.955187
-1.972163
5.013810
-1.902403
2.492342
12.437083
-3.964400
-0.075945
-8.958424
4.077878
6.587961
2.022872
-6.933858
-1.527552
-10.462558
6.893574
12.058945
-0.418467
-10.620004
4.518619
-8.080705
-5.895157
-1.148109
6.107422
-10.372177
-2.463991
-0.561084
6.512422
-1.388533
-7.710413
5.345137
-3.818919
-0.866238
-5.082402
-3.699860
6.032542
-12.007652
-1.930457
12.177092
-10.483104
-3.342516
5.653569
0.700092
-3.044993
1.224120
6.424234
-7.300729
0.404882
1.761332
2.623257
5.077189
5.785002
0.094899
0.988379
4.428211
-6.304107
1.425979
5.694953
-0.662609
-3.026960
7.651455
-3.205537
6.662429
-6.832573
2.736752
4.063930
-1.415412
7.307571
5.740667
-7.058127
8.914219
3.382252
-4.724859
-5.868708
4.163030
-6.793683
4.353341
-7.136349
7.391485
-5.367871
-3.284418
-3.174509
-2.761297
-1.550930
1.518658
-2.313519
3.250674
-0.456775
0.962808
8.120517
9.438735
-8.937284
-2.169640
0.076019
-1.571585
4.514217
-4.700761
1.457132
4.667649
-5.590662
-0.340404
3.005151
-0.699810
-6.880024
-7.785504
-6.103717
-5.854516
-7.390150
-5.092086
-0.594665
-4.152280
-0.643172
2.298152
-1.739201
-3.705325
-0.968410
-1.384414
9.064157
-4.736247
1.067111
-3.632828
-0.517587
-5.369595
-6.051452
1.827090
2.619772
10.354394
1.153021
-6.298678
2.649851
-2.705470
-8.893030
-4.106026
-2.186156
-4.772845
0.580381
-7.087849
-7.262800
4.636827
-9.919072
3.612061
-3.285845
-2.204938
-8.341310
-2.482622
-3.066402
4.772019
14.429100
5.414041
-0.558454
-0.851947
7.782192
3.625960
1.104432
4.153436
-9.614568
-6.313601
4.807549
1.000098
6.047130
8.470787
-0.907907
10.132517
-9.297586
-9.063243
-7.406941
-2.574665
2.344113
-8.249324
9.489865
-4.560774
-2.432834
-9.009378
3.946151
-0.422818
-0.694342
-0.195087
6.700311
-9.461120
-6.881755
-1.464098
-12.067444
-0.118216
7.992269
1.455643
6.525053
2.086762
1.730546
-2.929040
7.381146
9.762283
-11.456624
4.023217
-5.398260
-5.267802
-0.023081
-4.098659
-14.344937
7.575579
8.355668
3.240060
-4.724470
7.498237
-10.556008
0.984483
-1.278206
-4.631137
-7.704229
-7.718107
-7.147347
0.054720
1.534625
14.731504
-1.963756
-7.400731
3.634594
-4.066428
2.518963
2.817196
-6.696053
0.551941
7.619161
3.462606
-5.736032
8.026307
4.322054
4.089387
-4.954051
-1.924603
-7.562784
-2.608531
-1.682316
3.138910
-4.592660
-2.675559
4.803826
-1.318530
4.508237
7.455243
6.513613
5.155635
-2.244979
5.560957
-4.985748
-1.913251
8.467965
-0.880107
-2.377278
3.811768
-0.784726
-4.346601
-4.603191
-8.094410
6.330526
-1.812603
-9.474445
-10.430236
5.744543
5.221097
16.354805
-5.000620
0.577855
4.390340
1.149764
2.541582
4.453420
-5.001973
-2.173475
-6.151091
-0.035145
2.265066
1.271020
-2.032799
-3.860094
4.886748
-7.746661
11.863336
-0.566854
4.576417
5.369023
2.091154
9.402246
-9.221779
7.605650
-2.738203
-4.955442
5.465724
9.090377
6.704389
-0.025008
-3.294697
-9.824751
6.846669
-3.431282
5.224110
5.443557
-2.260242
-11.818313
-9.453298
5.461808
2.574354
9.357362
-7.054965
0.949395
5.136855
2.332102
0.305685
2.790607
8.256616
-2.166447
-4.371216
1.261412
-5.826874
6.891010
1.448995
4.159730
9.293627
-7.689330
1.780783
-3.794155
6.466944
-6.535359
-7.604196
7.269059
1.239836
-0.645034
-2.750503
-16.263076
-3.999864
6.566897
15.643990
-9.599974
0.044177
7.319999
0.785342
-3.012463
-4.413005
-1.476597
-2.995002
9.503784
-2.034274
-1.309208
-4.184940
-6.055008
7.062036
12.046321
-0.046885
16.275134
8.232637
-1.901166
0.437548
-9.631382
3.353315
7.134809
5.633668
-6.581273
10.115212
-5.424947
5.419772
1.256636
-4.169882
5.532012
-0.989903
-10.002661
0.563747
4.622378
-6.650696
3.169672
-15.707891
-8.603119
6.003693
-4.738753
-2.307203
-7.556547
-1.914231
14.034618
-2.578508
-2.659473
2.002412
-3.182861
-1.796613
-1.117531
-9.893383
-11.254813
-2.343293
-8.754966
-2.951816
-1.476846
1.576829
10.848253
-3.459890
5.059617
1.928363
2.381354
-6.723561
9.427219
-8.163428
6.041275
8.655475
4.394746
-7.491915
-3.006188
-5.874819
-2.970567
2.205225
8.317334
-14.904133
-5.765806
8.459639
-0.372889
-8.646385
1.780436
-4.672456
-8.849195
2.355811
2.807225
-4.737704
-0.735210
1.190949
9.331219
11.579447
-6.839153
11.045777
-1.509588
-5.792376
-7.736101
-8.279987
-2.028430
6.432014
2.660163
-9.207448
0.411670
-9.597200
0.915837
9.359832
-1.302872
4.696207
-7.685570
-8.125122
3.079095
-9.895766
8.106002
-10.861996
-4.654064
-5.846820
-2.945373
4.471058
14.343425
-3.120636
-2.245944
-1.940809
-1.527182
-7.994019
3.380776
5.970034
2.823961
-6.262868
-1.033421
-2.562947
-2.092275
0.679245
-28.110749
2.917313
11.962374
0.771980
-9.177698
-3.902681
-6.106121
7.676228
-6.744982
-4.337516
-0.658932
-9.578860
10.860123
5.926916
-6.265138
1.929578
3.000022
-0.815095
-7.209570
6.605770
-7.184621
-9.508954
-9.225402
5.545411
-6.232443
1.033369
-2.922590
8.104927
5.671118
2.100725
-8.089117
-1.380437
9.837941
-6.507612
-2.454725
-1.398649
-9.728140
2.733085
7.157899
-4.055704
7.002118
-1.483005
6.722517
-9.966124
2.871062
-10.155135
8.537557
5.633986
-7.039454
-4.962242
3.354256
3.966174
1.831447
-0.162416
-0.225024
1.080056
3.973487
-3.847421
8.198594
6.983275
-6.527341
5.084310
2.525682
-2.217822
-6.847272
-0.987097
2.487715
-5.863012
-7.173020
4.639306
-6.329378
0.752725
3.436782
-6.382797
-1.429375
3.427583
4.324610
-0.197477
-6.339326
8.847383
4.391005
-4.027913
-17.993173
-5.134619
-5.242175
11.198290
3.930080
1.595408
1.797040
-2.274861
3.688395
-5.144264
-5.410407
-2.267543
2.126741
-9.934706
3.885468
4.632881
0.592976
-3.717980
-3.139452
0.623991
-2.741327
7.140333
17.718972
0.284829
2.079174
-2.234356
3.100335
-7.173112
-6.711070
-1.882390
-6.436310
-1.003134
5.051538
-5.817229
5.101661
-6.907142
3.369791
-1.718174
3.890000
3.620827
2.437202
-9.657990
-0.845309
3.544241
-2.710186
4.559804
-5.297594
12.629735
-0.867928
-5.734099
-7.439719
-8.308046
4.398645
-7.831761
-2.339284
5.631173
-4.697661
6.436715
-8.814863
0.717287
-2.374528
4.364232
11.051544
7.435596
3.674041
1.028460
-1.563517
6.678469
-1.305316
8.299878
1.433533
-5.178492
-2.606106
-6.656986
7.072491
-3.485733
5.725908
3.638349
-2.432977
4.923080
-11.330681
7.842947
4.120245
5.486194
-3.180253
-0.961631
2.752471
0.113293
-0.574030
9.047698
-9.957879
-2.015773
-5.387579
-2.994391
7.383754
-6.510564
6.442055
-7.694920
-0.931869
-14.294639
2.239391
-2.370980
-0.742663
0.559016
-4.747903
-7.526476
0.129572
-0.627992
4.040523
-9.525991
-8.506899
-3.572744
-22.401758
12.342283
-9.753981
0.053806
-5.597886
-5.296402
-2.602616
-0.126125
-3.016055
9.552677
-0.923677
-5.765351
4.614519
-5.259134
3.147844
9.749249
-4.564930
2.687137
0.580578
-9.778336
6.728960
0.500193
1.217400
6.222294
9.214626
-4.032551
-4.948310
0.632017
0.197642
7.916259
4.158216
2.991470
1.351198
3.592170
5.115079
4.551432
-6.856314
-7.667055
9.488930
-3.328302
-8.052567
6.855945
7.758374
-3.904143
1.254558
4.780209
-6.675543
4.010820
2.208821
-3.093022
-4.425367
-0.964369
0.841347
7.051845
5.957031
9.954678
3.483857
10.406316
3.856198
-9.414552
-6.037869
5.160498
-7.443618
-4.127572
0.977325
-0.694010
-10.453449
5.845416
6.273046
7.461179
-3.597139
6.798752
12.875343
-13.999788
-1.308872
-0.785722
3.700233
3.491557
9.308758
3.779305
-0.495834
-1.124655
8.383911
9.290907
2.070024
-9.025473
1.275374
4.437979
4.187938
5.319191
5.163458
0.147355
-2.973454
-5.074325
1.034872
8.428511
4.219634
-2.781359
9.561760
-6.345505
15.088983
-3.661576
7.328632
5.031640
-3.407793
-9.692137
-7.106535
-3.526767
4.781287
6.818813
14.678802
9.587741
-4.924839
1.185144
1.837778
-1.941512
12.893200
-2.070393
6.573093
5.088179
-8.322931
-4.493849
-3.258854
1.420695
-3.963867
3.479824
5.548105
-4.486157
-13.341097
7.011584
3.562768
15.922108
5.976372
-0.599556
-1.017214
7.235518
19.133897
-6.291199
2.163515
8.774158
-3.240693
4.643759
-4.910268
-6.464620
8.260361
-2.444223
2.720492
6.997733
-6.106055
0.114523
4.079314
-2.670469
3.328033
4.269649
7.073885
-9.161522
4.038272
-10.812151
-1.298382
2.008888
3.666675
-0.075773
-3.188400
1.386025
6.536745
8.736596
6.266448
-1.990873
0.226027
1.629052
2.804937
2.230861
2.187786
-3.253190
-11.587736
6.274300
1.359010
2.674316
1.624868
-6.791737
0.242376
-8.250184
-7.590520
14.116843
5.016472
-1.219386
-0.111026
2.022134
-4.278430
1.715495
-4.375687
5.617641
4.018526
4.012913
-10.493833
2.852551
6.878872
-4.883962
8.852377
-0.143980
1.918765
-5.463066
10.000756
-7.614680
1.984014
-1.739121
-0.113003
6.496559
0.308266
-0.939094
-6.076546
-7.373139
-0.881474
2.639309
-3.161849
15.412030
-5.352316
-4.226636
-7.929054
-1.403479
5.552230
0.347142
5.722765
1.195608
6.519405
5.311078
2.902934
2.926802
-6.771777
-0.459418
-2.760592
2.407591
-4.108933
5.780975
1.541563
-9.567505
-4.305396
-6.721130
4.351465
7.910742
0.657468
-2.245761
-2.206532
-4.346637
-0.722221
-3.125645
6.962288
6.966467
4.663515
-0.527258
3.320962
-2.906951
1.416968
-6.856666
0.519318
6.657164
1.653143
16.595643
6.155921
7.160829
-4.746887
9.955654
-1.959097
-0.305212
-5.848335
-2.916357
1.741921
1.926372
1.197657
-3.641115
4.862387
7.769694
2.943199
-1.393584
-0.996212
-13.355586
-7.578508
-6.981902
-6.024019
-6.932362
5.638497
9.001004
-6.781134
-6.770441
6.553811
14.089430
-7.694184
-9.286939
-1.699811
-5.694629
-2.756737
-7.830971
-5.285557
4.531076
7.134582
-10.215816
-10.990261
3.850310
2.678982
2.601703
-11.901556
-6.228339
-0.307305
-6.583498
-4.563188
6.687467
2.371863
-2.843997
-4.212139
-2.785114
3.120214
5.670089
-1.034373
4.072973
0.450554
-5.374649
-0.949847
7.179880
4.643008
-8.582816
-6.114131
-10.900898
13.614227
3.351438
-6.491547
-6.769218
2.670811
5.133881
0.481564
4.126598
8.031164
7.134246
-7.329758
4.947594
-7.346982
3.403635
-6.096955
3.438569
17.148720
1.222276
4.750116
10.442056
-3.361886
11.037287
-8.341832
9.992978
2.933932
0.043799
3.166610
5.678521
-3.220748
-2.437950
-7.385711
-0.591365
-2.905843
3.848530
-4.536587
8.100798
-11.573319
8.722142
4.096904
2.321160
-6.322632
5.685788
0.132111
-5.709059
-1.431817
-3.686675
2.101176
-5.854676
5.616838
0.678896
5.844397
15.862826
1.868954
-5.759528
-5.569621
-3.972728
3.975921
4.307870
