-1.320802
-3.383446
-8.434544
2.623300
-2.942902
-6.375154
-3.020120
-3.103909
-3.031633
9.672300
-2.942366
-6.842797
3.758296
-4.232684
3.877622
-6.047373
-2.728110
4.043346
-6.184289
-8.040558
-3.365334
-4.474038
6.124944
-6.727182
-2.632754
10.613017
1.460008
-6.780126
6.432889
-0.494011
-1.721228
-13.642280
-1.425307
1.900675
3.583220
-5.779174
-3.034566
-6.097268
-4.955877
-8.201668
1.074110
-2.564692
-6.794228
-10.368162
5.663467
16.685857
-5.816808
2.491422
-5.827667
2.499527
-9.519862
-4.570414
5.514020
-3.342479
4.147549
5.894047
-4.654783
6.189886
-7.932978
-1.835707
4.362450
-6.774836
0.815263
6.014663
4.410340
-7.172177
-3.720577
1.039617
2.306539
5.967908
3.812089
6.689082
-4.501039
8.772268
-4.363482
11.618624
7.855366
-1.492087
-3.977312
2.653630
-4.572014
-7.517604
-0.025596
1.955058
0.194378
-5.538159
5.503687
-0.540443
-0.550986
2.046147
4.922442
1.438508
-0.701966
5.487505
-6.530341
2.371780
-10.934376
6.193072
2.586392
-6.555390
0.527655
3.608220
11.551158
13.199213
-1.336381
-6.515670
1.348524
1.715491
1.679603
-2.622879
-9.051744
-1.408038
-9.254100
-5.439944
1.141413
-5.977167
-4.566960
2.979345
0.133212
-2.109345
-6.152761
3.169393
7.605559
-16.333502
-6.734534
4.733700
-8.092811
0.417147
-12.829543
-1.703018
9.458414
3.713440
0.871881
-13.247891
4.085793
-0.434392
-2.394693
6.397111
-6.122781
-1.828480
6.069025
-4.243970
1.894045
-7.931698
5.533063
4.793586
-0.262602
8.243129
4.759347
8.910046
-8.920127
4.764386
3.681961
8.751776
1.953866
-8.961601
-6.577404
-13.335639
9.741936
2.487125
2.023930
0.188013
7.092956
7.685752
-0.265231
2.660912
0.311252
-3.431390
-1.931470
5.054377
-3.439253
-4.731242
7.641666
-8.005806
9.217953
2.716548
-8.824009
-7.358388
-10.064849
-0.705870
-4.459766
-2.903963
-6.365881
8.479576
2.751123
-3.159303
0.079837
-3.107759
-5.580917
-9.961553
0.780050
4.055434
1.168087
-0.384463
-0.412530
3.925940
-3.647636
-12.293976
5.692278
2.352160
-1.208656
-4.268005
1.328368
-0.781589
-4.006176
2.474756
-0.967184
3.061302
-8.154362
-3.811056
-10.588665
1.328077
3.642095
2.125306
-3.828899
5.624686
-10.572407
-3.938389
-6.383203
-4.211438
2.607708
-5.564465
7.255633
-9.313215
-2.979706
2.263021
10.358489
-4.564160
5.383826
1.411720
2.848167
2.086478
-0.730265
7.849876
3.422456
-2.969971
-4.588796
-9.404877
-7.076656
2.956002
-2.955073
6.613783
4.920318
-6.209319
-0.387098
17.551379
0.901753
5.013777
4.100623
-6.094895
9.569318
2.516723
3.957775
-11.238776
13.395419
-3.474278
-0.132023
-19.727596
-11.364052
11.894212
-1.448540
5.313143
2.171895
-3.757796
2.884356
3.915587
6.191808
5.897571
11.584992
-7.890074
-6.769138
-4.519583
-3.793595
-3.779938
-2.012108
5.206532
1.932887
-3.805917
-12.520190
-0.660629
-8.046200
2.273021
4.171049
5.204353
3.818384
-5.649861
-3.461008
2.807979
-8.409919
-0.765673
-7.066129
9.054382
3.877966
-3.327122
11.858107
-6.405807
-4.530360
-5.406262
3.441844
2.183796
9.122788
-1.826239
9.641891
-4.055925
3.132155
2.562485
2.667094
-0.800349
-0.414438
9.719275
-5.732301
6.131115
3.745232
-9.527690
3.558670
5.814739
6.594890
1.962701
6.959754
11.448868
-1.821248
3.567014
-3.026100
0.008538
1.978067
-0.095029
4.662380
4.882992
-8.255242
-7.199679
10.398401
14.958119
-5.205189
-2.425517
-3.134049
2.166368
-2.813470
-1.690410
9.655208
-0.508714
3.932896
2.008478
11.069014
0.489282
5.607057
-4.011927
9.224862
5.814940
-2.838348
2.517884
-5.547561
-5.049000
-6.709331
-4.889480
-10.472655
-6.848299
4.230704
-9.245636
-7.588952
-9.056287
3.923229
-5.102718
3.106946
0.196986
8.063780
6.614369
-4.617893
7.399498
4.097143
12.420791
0.443181
-2.104440
3.100886
-5.091395
-4.350798
-11.679593
-4.476283
4.155730
4.926096
2.330023
3.085256
-9.124767
-6.076728
-3.814195
0.974613
6.684114
7.031110
-11.266189
-0.807121
-0.032960
-8.626461
-4.847971
5.128718
-0.396339
2.297158
-12.781075
5.301930
7.457061
7.444064
-2.634792
4.759416
0.464673
-0.008504
0.090306
0.266387
-1.320733
-10.348559
1.707120
13.273879
7.663373
2.231053
-0.683139
7.361251
-1.422554
-4.013987
5.578653
-0.571718
7.352986
-6.710039
-0.773340
-3.441280
-2.450096
-15.938852
3.074733
-2.296724
-0.386165
-10.852334
7.598881
3.603590
-3.938061
-0.458100
-4.697278
0.962963
-7.735783
3.091500
-4.209715
6.643093
0.040624
-2.945131
-8.701116
5.060284
-4.504567
0.447923
3.400369
4.418421
4.588279
-6.684414
-2.872708
0.333283
10.187230
3.217932
3.843888
-6.295554
5.086377
1.993731
9.451753
-0.937671
-6.426724
-2.061865
-2.944343
2.448239
1.957423
0.011812
2.232409
-2.638936
-5.737968
-5.793145
5.073006
6.320214
-18.901400
0.616476
-5.796558
12.222672
-4.053225
3.416219
-0.281534
0.788481
2.478054
8.244484
2.587033
-5.026062
12.311736
8.664139
-7.939351
3.449287
2.811335
-4.447001
5.065289
5.273204
-1.910186
-1.158227
-4.855923
-8.123967
0.781345
2.913801
-1.152968
-10.245078
1.084756
0.453304
-4.393262
0.923784
-2.225867
4.138184
1.838523
0.078495
-13.274355
6.762626
-2.622459
1.606643
-0.519869
6.489456
-9.756448
-15.322495
2.779877
-4.120347
1.764684
0.498915
-0.666008
3.838934
-9.867401
-1.764523
4.638664
-4.554034
-9.351538
-6.430666
-5.679780
2.601249
2.004596
-3.581836
4.866318
0.833943
-3.796955
1.842787
-5.637168
8.967791
0.604557
-2.466168
4.444376
5.328890
-0.381625
4.540188
-2.888206
-5.239012
2.562878
2.304965
3.887223
-1.299428
1.722266
10.048250
-9.819345
-5.089526
-11.222728
-0.542194
5.761874
1.095853
10.484190
-8.585539
6.175281
1.384773
3.911839
-0.951852
8.360290
-6.987205
4.044229
-5.425797
12.814149
-3.108942
-6.578476
-6.827853
2.741085
-1.775220
-6.486691
-1.625730
-9.691362
9.258930
13.652940
-17.426900
2.770169
-1.601320
0.944618
8.777329
-4.672196
-3.374804
-6.321750
-3.376210
3.152364
-7.166785
3.412291
5.803603
-2.715841
-5.493946
8.510179
7.360101
8.425902
-5.018102
-1.163130
-1.230439
0.326069
1.817852
6.016597
-9.405849
-3.781079
0.427842
9.185124
-7.339233
-3.520953
-1.378657
-5.340465
8.431766
4.707944
-3.993496
3.290301
0.103316
1.331866
-8.666866
9.167586
-3.072309
-1.332924
-1.812798
7.194769
9.155846
7.574412
-8.614008
-6.160482
-3.705480
-0.633424
3.846453
-10.109213
3.462816
-0.193737
-1.307360
-2.891923
0.480663
4.493995
4.884566
-1.406000
-9.645575
12.738759
5.416538
-3.960931
1.286518
5.332112
3.249641
-9.643098
7.293948
-8.328451
4.217375
-6.848405
-0.654614
-13.702026
-7.775613
5.489425
2.222793
-9.010920
0.660450
-9.177035
2.806421
2.064658
6.101659
4.535465
-7.167269
4.191907
15.819674
-3.497279
19.148200
-2.294092
3.709448
1.046969
-0.823149
-6.522946
-1.978199
0.674673
-1.486429
-2.638876
-4.295910
5.716767
-3.553267
-2.306270
-8.095750
6.246280
-3.996346
-3.287718
-3.646022
2.449801
-4.328193
-0.923321
-4.127235
1.278217
0.030279
0.181622
-5.045712
5.359961
1.271457
3.916305
4.717876
0.942687
-2.078551
-3.273521
-9.276024
-8.594994
-11.031012
5.888709
4.067499
0.824501
1.589637
-0.811055
3.567162
-8.880073
6.883307
7.986551
0.266994
-4.993327
8.862287
-1.969248
-16.970374
-0.319293
3.802091
-2.975270
-8.239393
6.603676
8.287370
0.129251
-5.715159
-7.631414
4.074281
-0.562943
-7.867281
10.445456
1.815802
3.961924
5.800556
-0.108595
-4.791271
-1.796016
-2.809080
-2.711616
16.250602
-4.378210
6.928477
-0.892430
-9.484403
-2.407260
9.705998
-0.284111
-1.068672
-0.960142
1.694620
-0.735602
5.161075
2.644653
-4.457455
2.596828
-0.266970
-6.206000
-4.457054
-7.245876
5.311022
4.613816
-3.100524
9.070628
0.911259
0.126537
-7.710444
0.149804
-4.591077
1.654470
-0.503596
0.017248
7.421092
-2.854769
1.101935
-12.721582
0.834261
13.449846
-11.823029
6.642080
-6.318353
2.235348
-3.151518
5.756826
-3.979990
-7.515809
5.267234
-3.101125
-7.623601
-3.335941
-14.021839
7.969444
-13.775389
1.634722
14.846732
-4.662191
-2.470681
-4.725593
-6.566218
6.742516
4.654460
-12.563671
6.727308
-10.101650
-12.757782
5.206306
4.703321
-0.686819
-8.859921
4.680194
3.900500
1.169307
6.422378
2.690824
11.510484
9.282584
-2.285234
-10.032269
5.955799
-7.970279
0.009958
-5.439316
8.024990
14.892687
0.943227
-7.501087
3.266733
3.833568
2.587318
-7.367243
1.975987
-3.427686
-1.475919
7.017205
6.237282
-7.567746
5.921873
-4.836718
-3.013238
-3.008068
-11.245560
3.838944
-3.174467
6.919671
0.318901
6.042760
-7.223052
-2.736129
0.274962
-7.514576
-11.123680
-7.648549
9.453076
-8.136577
-9.477764
1.975160
1.577206
8.376088
7.645255
-6.546274
8.419471
-6.175548
-7.349614
-2.044686
-4.101754
-13.174206
-0.976570
1.813932
-2.021068
1.914530
4.636675
11.803692
-0.309639
-8.019965
-7.406907
7.275667
-19.777628
2.568249
-10.589934
-5.930525
3.047934
-6.932599
7.082277
-2.693153
3.421912
-9.557051
1.674352
9.291677
-2.661366
0.170342
-7.392773
-8.118199
-0.505074
-10.624922
0.310594
4.143219
1.679135
-2.207914
-2.633011
3.434437
-1.570066
-1.250236
1.978831
-3.566131
5.995066
8.009604
-6.786965
-2.765365
4.997267
3.886724
-1.691555
6.095635
-1.855511
-9.021450
-6.480658
6.232521
-0.227164
0.769910
5.830605
0.043485
-11.104380
2.284219
3.398126
4.255949
8.934510
-7.608644
14.469480
-4.205974
7.336706
5.476898
2.478555
6.845872
-7.188919
10.307999
-1.128797
-0.931956
0.191115
7.736761
0.074216
-0.447475
1.521880
-1.411769
6.938918
4.675531
-1.954482
8.858609
-2.169123
-2.056625
5.572909
4.161253
8.309859
1.762288
3.251046
-4.708669
-6.680771
-2.704944
-9.650900
9.163055
3.143939
5.053967
-22.184337
-6.613734
-1.209286
4.108530
3.186139
2.703615
-5.584049
-1.777280
-5.444853
-2.184174
-3.087201
-14.666710
6.432007
-9.280569
12.072228
-4.929887
-1.640719
-18.934915
4.390508
-3.636899
3.711936
4.338725
-0.158584
16.936949
-5.737021
-5.769263
-0.338194
-2.387530
-2.941107
-11.263990
-7.465801
-6.459296
1.454426
4.508706
-10.709453
-2.630126
-1.250753
5.704731
-7.627439
6.151306
-6.071573
0.762682
0.960848
11.387192
-8.672627
8.449372
6.465034
6.482776
2.073473
2.693728
-7.675980
-0.343461
-2.430350
-7.303000
11.686253
8.039693
-7.720701
-5.905838
7.053506
-0.460776
-12.369222
3.178105
-4.548791
-5.679777
-10.638935
-2.903044
23.628304
-5.715055
15.425583
3.961705
-2.702251
-5.317469
-5.896265
0.214526
-8.025803
5.632848
-4.159350
-2.990472
2.877065
6.805818
-0.718211
-3.871796
0.498346
-0.391515
9.663316
2.395165
14.473589
3.141810
1.923289
14.206716
-1.138259
4.104531
-0.862799
5.113332
0.355583
-2.567342
4.635505
10.775353
-8.134324
2.062649
-1.466170
4.901007
0.769519
-3.121238
3.623685
2.535509
7.858924
-9.488961
-1.113673
-1.105405
0.963990
-1.941935
-3.085108
4.957741
-3.487287
-0.259654
6.725428
-0.442442
7.120647
2.419179
-1.033499
-13.165356
3.328394
11.205592
-1.150677
-10.993146
9.013275
5.330526
-3.479524
-1.822328
1.645684
-4.031912
1.328489
2.121822
8.138391
-2.973973
2.798829
0.340381
-6.151741
-9.671168
-1.903883
3.188299
-9.218863
4.428492
-6.875474
-3.964632
-9.895941
-8.291950
11.079753
-8.139254
1.934009
1.199393
-1.240354
1.765554
0.156333
0.332115
7.173367
-14.967176
6.216506
-7.035127
-0.480740
-2.420312
0.524594
-5.404263
3.639453
5.996315
0.753499
-1.598688
-2.591165
5.065433
2.780588
1.569094
-3.014945
-5.968289
-2.794316
4.181495
3.593263
0.687004
5.979642
-6.963041
6.338882
-8.831236
2.263371
10.812787
1.832724
-3.334666
-7.920834
-6.381426
-5.990251
-3.934064
1.065342
-5.236002
1.963776
7.122426
-2.628498
-4.649398
-16.464323
-1.930414
1.604715
-3.986072
-1.055835
-3.017342
-8.594956
0.797201
1.358871
0.849864
2.558922
-4.021102
4.736829
-1.891879
2.675034
-7.229660
-1.134814
-1.204017
-0.029921
-5.374781
-4.273533
6.104989
-6.054170
4.183028
-1.339184
8.499566
-1.262947
2.154783
-3.984944
3.738317
-3.154320
7.253172
4.882678
3.750896
7.407577
8.269645
-6.147336
-3.245924
-4.651610
8.576678
6.137639
-3.699426
-3.803089
2.374619
-3.174703
-5.060476
-7.555201
7.353077
-10.040368
11.488119
1.666178
-3.801884
-10.450833
-3.869869
-0.144845
2.123460
-8.766165
1.587703
3.539830
2.983236
6.686802
7.325199
-8.930763
1.592182
-2.276458
0.953444
-7.123712
2.789196
1.432269
-0.152572
-0.602259
6.459275
6.939368
-0.293365
2.204966
3.370664
-8.847780
-3.999534
1.397657
1.757976
2.077078
-0.990137
5.964652
6.186753
9.157565
-0.606497
1.011616
-4.241316
2.661535
-5.906238
0.002631
0.877835
-8.670736
-0.465994
-2.610554
-6.436126
-7.298297
-0.770269
-11.883000
7.780372
-0.760995
-5.668862
-4.395331
-0.680289
3.243999
9.999415
-2.826867
-6.716884
-2.620093
7.058749
-4.277449
-7.662805
5.123120
-4.691429
-5.093386
10.287447
-5.157084
-8.687693
14.965180
5.652480
4.749496
-4.915835
-0.357877
0.667990
-0.076205
8.099339
-3.622151
-1.505638
6.063172
-0.787111
-5.172577
-3.471507
-6.812420
5.300748
7.032233
-4.393002
-4.904565
-1.586458
9.485293
-2.345208
-5.182201
-8.613167
6.938083
-3.797271
-4.902045
-3.811453
-0.352475
0.338805
8.539691
1.303054
-0.598244
10.643641
3.538080
3.623766
6.990219
8.244663
5.910686
-4.047495
6.373102
-7.135472
0.832800
15.754978
-0.031178
7.173075
2.565006
-8.593563
-0.281573
3.939932
-3.488388
-0.347006
0.966054
4.476652
-2.617664
7.654642
-3.699363
-0.339314
-13.472036
-3.644055
-0.210330
7.687596
-4.328447
0.897519
4.378448
-2.860392
-4.521866
-4.709548
-3.777338
8.293866
-4.157511
-0.892152
-9.591889
-0.163452
-8.305828
6.791752
-4.492612
4.200430
5.817910
5.426601
-7.247117
-8.278727
-0.405850
4.002196
2.743040
5.616495
-7.812939
3.769910
-5.480072
-8.371966
2.809923
4.324261
0.315821
0.891926
7.976906
-1.904131
2.930672
-6.411974
1.140518
-0.087849
-0.309382
4.626089
-6.829027
-2.479696
-10.990072
-7.260391
-7.610254
-3.856593
6.872915
6.290909
6.473612
3.014622
-7.755461
-3.853908
3.329466
8.664706
7.258032
-0.568197
3.155859
14.251398
5.193092
-0.641073
1.435088
1.920488
3.486918
11.891274
-1.791857
-9.549888
12.011758
-6.563707
-0.494904
0.072525
0.065342
2.170552
2.236278
1.366209
3.465127
-9.408181
-3.253387
8.644426
1.117992
1.745420
6.225461
7.304428
-1.476288
-2.575595
7.329695
1.702269
-5.665912
-5.850008
-0.405151
-5.423161
-5.139254
5.708784
-3.208548
-0.264147
1.528943
5.702216
-2.785479
0.905859
-0.494582
0.555568
2.367501
3.289235
6.025607
5.932874
-0.866399
10.572724
1.577929
-2.584124
0.766245
5.793264
-10.619715
5.310985
-0.231828
-6.785106
12.714156
3.492263
-0.775342
8.104640
6.986689
3.615357
3.072906
1.313872
-10.382363
11.483946
-2.391783
-0.097976
3.435403
1.731438
-3.944047
-0.084415
1.270295
1.248593
4.392671
-5.191785
5.483112
10.325822
1.221339
7.509151
3.876352
-0.655822
6.718755
0.423642
-8.552186
-9.968473
-5.361237
-2.206206
2.471467
9.551843
4.721550
10.033022
-0.333939
-8.799055
2.704504
-12.046666
-1.521436
-0.388405
-9.869979
10.791168
-1.813285
5.936926
0.643374
-7.023651
4.881147
4.444811
-1.418701
5.558587
-4.255688
9.881335
-4.163601
6.356719
-4.331791
8.275240
1.741728
9.328012
-2.458403
6.712233
3.998573
-0.592961
-7.218655
5.563238
4.423338
2.494753
6.085397
-7.384818
-5.152013
12.349069
6.880287
-1.333230
5.552444
-7.810082
6.086586
-4.765903
-3.786731
-5.752721
-2.672447
-3.595442
4.581204
2.198849
-3.392422
-3.957917
0.839144
-6.158338
7.159659
7.819268
-12.414747
1.467900
-5.488482
6.412140
-0.903777
5.521617
1.665484
-5.007270
9.589753
-3.253305
-6.627334
9.894688
4.532640
-1.042707
2.974859
-2.073799
-4.849761
2.468188
-3.718437
-7.387036
-2.081557
5.222906
2.708002
-0.187074
3.260524
6.726325
9.448493
7.383598
-5.617940
-7.836520
-3.792909
3.408379
-2.986371
-0.315711
5.665371
1.277718
-5.293362
9.461967
1.746409
-4.427075
5.165376
-1.039895
-5.524986
-0.547927
-0.449133
7.150888
7.450609
1.991323
-6.059071
5.811968
0.259493
-6.907027
-5.187943
6.124271
4.793493
5.583970
7.018743
-5.859729
3.733379
-2.385072
-0.328385
-1.477194
-2.882601
6.967156
-20.378942
-8.365212
-4.794457
-3.375849
8.592338
-1.474541
6.129616
-3.041356
0.353155
-8.503397
5.695863
4.421593
2.557600
-8.820424
-11.754445
1.777979
-9.828240
-1.710735
0.690549
-6.498461
-13.870100
2.115316
-1.154604
-5.626620
1.028905
-5.919727
-7.578624
-0.159047
-3.541366
7.351814
3.543476
-2.924817
7.325752
3.031347
2.075692
-2.191419
-11.231669
-0.031294
-12.417149
4.899917
-8.442406
0.817346
-0.171158
-9.236942
-0.704413
10.617002
-5.944301
0.579194
5.816194
-12.819252
11.827783
-13.803339
0.999236
3.187156
3.133559
-2.213210
5.669000
1.923941
-5.287087
-3.881015
-3.251032
7.443346
-2.676402
1.753050
-8.316806
2.237528
-2.997254
-17.865380
-4.502395
-8.046808
-6.386274
5.671198
-11.797058
11.670452
-1.913321
-1.256532
8.263950
5.321152
0.064495
1.733197
8.483480
6.977934
17.942949
3.197172
3.040120
0.055425
3.834679
7.413874
0.061598
7.408654
10.391221
-10.312683
-5.127312
-1.834737
-2.992501
-6.788533
3.936617
3.789105
4.141145
-2.315830
1.138332
5.390114
3.674971
-13.222205
-0.598308
5.873392
1.214435
5.393857
-8.030730
8.871548
-1.713807
4.934025
2.076050
1.205023
-1.062677
10.562961
4.324171
-4.115155
1.325380
-0.514913
4.378547
1.686645
-2.710368
5.514955
3.284882
-7.254974
-1.288512
-8.789040
3.289968
-10.658529
-1.026840
-0.408672
-6.604772
-0.487180
0.249469
5.307554
-8.035348
-6.237962
-9.919017
-7.858639
2.736253
2.214157
-2.339409
8.234758
7.280636
-5.198058
-5.335814
-1.686796
6.024212
-7.035690
-5.075622
9.943524
0.192933
-7.259402
5.018026
-2.009603
-1.394753
-9.105799
-1.978233
1.770493
10.760178
-8.068582
-0.472855
7.677591
2.705298
0.149467
-6.430165
8.345128
3.541097
3.792926
-1.932246
8.478460
3.070897
1.396167
