4.552918
5.986190
2.725766
3.525169
9.542949
-1.900812
0.555756
9.626515
-2.238599
-7.839358
8.635788
-6.209758
-3.224868
0.385731
-0.601228
-0.996222
-7.625788
1.414842
0.950309
3.900483
-3.165669
-3.510430
-2.891446
-1.770467
-7.252307
8.827296
4.802227
9.756012
-0.069114
-6.386363
-0.591589
4.124784
5.457743
7.192471
-0.275129
-0.827623
2.732019
-0.623219
10.213628
-3.829873
6.003233
-3.349546
-0.973562
2.961510
2.396341
-8.238389
5.664025
8.704268
-1.423732
6.208161
4.381579
4.126508
-12.042952
-0.898879
6.213187
1.716223
-4.128010
2.819206
-7.503032
2.566914
-16.159722
2.367342
-9.144646
-2.594208
-10.095140
1.543312
-4.457324
-1.028195
-6.007125
1.905135
11.895608
-4.890914
-2.995071
2.987426
6.409790
5.654113
-10.893229
7.134759
9.845947
5.634409
-6.843735
-1.864169
-16.796714
2.991373
-7.533435
-2.212691
1.752334
-8.053851
-1.985596
-7.559871
5.594632
-5.460299
-4.391535
4.207218
5.636057
-3.173695
7.623848
8.610187
-8.538580
-2.151908
5.403134
4.989597
7.161822
-9.813549
-6.014881
11.676620
0.692407
1.182090
0.047199
-10.703550
2.283721
-4.828768
-5.360219
-5.220049
-16.145094
-7.943639
4.971641
6.756756
0.361985
-5.236562
3.313216
-6.547625
-0.298450
7.842413
-9.337339
1.004157
-3.810958
7.703327
-6.267402
6.414934
3.622566
-3.717760
3.132845
4.698013
-4.776955
-3.085310
5.110712
-4.939577
0.683811
-3.269445
7.004320
-12.955545
-1.684824
7.450005
-2.540845
0.097495
-2.568745
-10.317026
-8.464458
-1.713840
-0.407839
6.549878
-6.038322
-14.517561
-10.280993
-0.116602
-10.930714
-3.389287
5.183001
2.759010
2.016310
-1.744123
1.025217
-4.286610
-0.930369
-3.486218
-2.876108
2.752057
2.334491
7.227096
7.634278
-2.127261
-2.806466
6.142870
-3.769744
5.636808
-2.137933
9.686032
-0.603418
9.744631
-8.609361
-4.910023
4.529402
3.850974
-9.214683
-4.537000
-1.953428
-3.441112
2.537199
7.731523
7.643794
-8.001584
5.753546
-9.124601
-1.852408
-2.868610
2.367573
1.378145
-0.783474
-0.960842
-0.944370
-3.205059
5.463338
1.502816
-9.509656
-8.074577
-1.147756
8.140454
-8.825750
1.526707
0.752539
6.139611
4.884318
-4.349673
2.059903
9.391402
-13.571469
5.944350
2.547617
-1.428160
-4.907200
-0.031281
-4.939404
-7.921909
-8.334172
-1.873226
12.660384
1.115249
5.669065
10.428605
8.426569
4.270107
-1.404229
-3.286409
-7.558316
-3.095775
3.516190
-3.407555
4.416240
-4.072451
-0.404217
2.006082
-6.670131
-9.735210
6.969979
8.183716
-4.942714
9.787050
-3.659933
-3.502106
-12.091525
-9.172954
-0.124448
-0.059349
-8.286714
-3.115613
0.381819
10.213116
9.207001
-3.512183
-6.363347
5.498416
5.606803
0.568407
-4.871789
6.062581
-3.479650
3.844936
2.754966
-9.231227
-12.199641
-0.474734
-11.407262
-11.675517
3.559324
5.314900
-6.637300
4.601611
-3.568018
-2.915145
-0.725241
-8.471682
-16.784716
-1.146781
5.909808
6.346893
3.610344
3.477873
-0.356914
-5.276385
-4.396100
0.621155
-7.428719
10.216621
-1.900321
4.231840
6.388343
-5.242753
2.492509
-12.617491
2.906628
-3.925154
0.143535
-11.779225
-3.539693
-13.642302
6.117613
-17.698389
6.941701
0.584179
0.568066
-1.682791
7.707745
5.368311
5.217244
-2.555758
3.926561
-3.534949
0.986615
-3.341686
-10.755819
-3.064839
-6.649181
11.268367
1.045423
20.123103
13.217915
1.626290
-0.736405
-4.686663
-4.345089
-0.536159
2.594361
-8.319886
4.531595
5.044446
-6.983386
-0.468332
-9.801806
-6.306503
-3.300130
1.337986
6.357822
-6.978049
-2.863238
-0.147525
-1.806495
9.186951
-1.301340
-4.960541
-2.991556
6.295500
-10.903278
-4.205920
-4.317086
0.065735
4.732547
4.796286
-11.058693
-3.761990
2.321254
-2.782741
-10.327548
-5.138010
-18.540638
2.512715
3.606384
0.522202
12.236438
0.057578
3.315759
-7.851921
2.068904
-8.477588
1.987727
-0.872378
8.983549
-9.477293
3.484246
-0.572567
-3.382036
-12.466997
-7.353246
-7.647538
0.088125
4.414074
3.567923
-4.755943
3.775393
7.082778
-12.096112
-0.402874
4.669882
2.461212
-6.166245
-0.001516
-7.241599
2.296768
3.371949
8.747269
6.671154
-4.120959
-11.044098
-3.100025
-3.983518
-5.522804
6.102652
-14.418157
-1.220409
-4.207238
3.940752
-3.994061
3.711440
-4.709130
-9.721658
5.038593
6.664064
10.514088
13.214249
0.743115
-10.908161
-4.889958
2.430348
-8.081898
-8.497639
-0.680210
3.304505
-5.002378
4.098136
-5.362706
-1.791432
1.767523
7.323391
5.705750
8.249625
-8.831481
-4.181677
-1.817406
4.199400
-9.968132
4.707939
-6.677140
-0.365878
-10.341088
11.078221
-7.231779
-7.790209
10.161184
4.288485
-0.949635
0.960898
-2.553773
-2.693480
-2.882497
-8.591033
2.538486
-0.581177
-5.535400
0.663365
5.897637
-13.094947
11.002625
1.828933
-9.262734
-0.274946
5.417728
-0.015620
8.016938
-3.330743
4.276243
6.619338
0.702758
-4.548967
-4.154396
-2.016658
-5.643838
4.446121
5.629742
5.418922
0.943220
-34.889377
-4.685794
-4.698248
5.484360
3.566175
-17.611811
-14.068623
5.905758
10.329740
-8.416384
5.925547
7.872918
-2.331828
2.816745
-10.836635
7.728258
-2.665955
-1.692363
2.489436
-4.971364
-7.676857
4.559829
-10.480847
0.733987
2.837956
3.412573
6.724848
4.397029
-0.541233
-0.593893
-7.176738
2.693787
-5.364938
3.140441
5.900972
-3.084610
-0.277450
-2.908641
0.478222
4.111121
4.266296
-8.093821
3.309777
-5.291208
1.488518
-5.483314
0.755011
-11.577042
5.172008
-1.516878
6.856580
-1.924160
2.973129
-15.053679
-6.342660
-0.830445
-11.099584
2.999804
-8.674922
-1.705841
-0.257815
-5.208553
-3.485856
-7.636203
1.517334
4.410372
9.231672
14.836093
-2.203955
-1.789741
6.589816
8.903255
6.263929
6.620618
-3.528535
-5.971601
7.082257
-1.330863
-0.414679
8.626306
0.399544
-1.428315
0.153892
0.141119
2.054033
4.929228
0.954360
-7.411197
2.958242
-6.629430
8.313032
-3.114945
-7.988915
3.597283
6.054563
-10.452099
-0.327751
-5.881344
-0.899239
-6.458982
-4.245751
4.969343
2.977661
-3.019980
-7.326846
19.362438
20.494974
8.830846
2.627923
10.972801
-4.613719
7.771876
-2.947040
-3.088850
6.931803
7.172306
5.340790
-3.046069
-8.061869
-4.335129
-6.679509
-4.684388
2.484641
-3.863159
2.225700
-6.898006
-4.525810
-3.286209
6.850107
-0.406519
1.907877
7.858604
-1.027046
1.358447
0.912501
-3.604947
0.183818
-16.822489
0.057043
-5.115353
3.580539
2.978334
-2.365467
1.274152
-3.344630
7.022281
-7.446833
-1.961499
3.969037
-3.846815
1.622373
12.257014
-8.355770
5.292673
0.811063
-7.487378
12.854924
-3.614683
-5.456569
-3.831938
9.833041
1.292128
-3.709828
4.994501
9.760123
-2.965620
7.501922
-3.359575
20.998946
3.858404
-3.934065
7.449325
2.562353
0.902035
8.021471
-9.337894
-9.200358
-4.596067
-3.707907
3.193022
5.169101
9.232330
4.150287
1.014336
1.252377
-18.943566
-15.513828
-13.445612
5.584748
0.473389
-2.408584
-1.431431
0.821858
-1.606221
-8.955976
4.369005
-10.314368
-1.497631
8.269162
4.412699
-8.077675
-5.867493
-0.560954
-6.224309
6.678905
5.903146
17.391816
4.220327
-7.595076
4.130657
8.290664
8.056680
-8.933956
-8.925649
1.526397
-0.576373
11.006702
-4.834806
3.783571
-4.222106
-8.719710
-0.860321
0.107350
6.551320
-10.467839
8.987829
3.313716
0.075014
-0.887546
-1.465457
3.536359
6.443134
2.900976
-1.746607
18.040394
-3.355843
5.367306
-4.310581
2.571062
-2.572911
-18.215562
-0.354748
-2.879299
-5.173770
6.379825
0.355763
-7.991656
5.027586
-1.934141
-3.284726
8.915075
6.180263
3.398543
-5.769674
7.324640
4.939641
-7.182298
-0.632983
-3.169368
7.019578
-5.659913
-13.979519
0.746878
2.220433
9.152086
-6.225273
0.894179
-10.327669
2.160978
-9.468546
6.819092
-7.874590
-0.191909
-7.826193
4.948723
5.600477
-4.016310
-0.349313
-6.108313
6.528814
1.394346
-0.016184
9.264294
0.726699
5.160203
9.291022
10.788226
8.789216
-5.443817
7.190232
-4.054901
2.007676
5.984587
3.826022
-5.453998
-5.926847
2.131419
8.319393
-11.206753
-5.835064
-5.075219
0.065279
0.667909
3.659515
1.817627
-5.026165
-4.885115
-2.618955
-6.523164
-0.147260
-4.306064
5.384120
4.257057
-8.794214
-4.668281
2.289934
-4.560231
4.801829
-2.384610
5.462272
2.991163
5.688221
5.491434
-3.159528
-9.670126
-0.071439
4.522067
-3.072096
-2.017985
-9.006777
-1.437686
3.521974
5.020815
10.098098
-5.269083
0.121439
6.308872
-0.351655
-7.934553
0.486066
5.572360
-7.974490
0.889884
-5.741188
5.422914
-6.115517
3.271469
2.543439
-8.456800
-5.961339
12.295460
5.002945
8.325614
-3.145432
0.788292
-4.469957
3.364827
-0.133903
-1.453164
-7.160318
3.432664
3.082771
-8.061849
7.951492
4.436613
3.758312
-13.420226
14.324462
-4.339295
-0.097400
-0.808395
-0.752948
-4.184294
1.175769
4.332557
3.966371
-1.840815
1.902761
-6.580454
2.481842
2.393156
-2.615764
-9.811969
7.874695
-7.045177
0.819135
-0.320347
-9.344360
-3.036682
-8.228579
0.796868
5.502998
4.528321
5.215619
4.138320
10.634519
0.896688
0.623960
-1.991520
-1.980959
-0.595739
-3.115813
9.415097
-7.505172
-5.361367
-4.616305
1.434881
5.078259
5.588396
2.603053
7.664715
-0.379733
4.096685
11.098213
10.949864
0.494230
-1.034232
-1.557027
-8.687907
0.464438
0.809766
4.568859
-1.304920
-3.228932
17.096345
0.821738
8.341504
1.502805
-0.999719
-6.194686
-8.294930
-3.629807
-3.997209
-1.525302
2.525049
0.214013
12.347662
-8.672578
0.862598
-7.690200
-2.410483
-11.955229
14.258974
1.649464
9.222245
6.170616
-0.603243
-4.455259
-6.619552
8.335624
-2.718397
-7.112345
38.369807
2.817556
-1.244143
-10.071734
-16.282224
-11.293258
6.999179
-4.083221
2.655462
1.826560
10.950487
6.683886
-6.229762
-7.735254
-4.197703
1.746952
-15.104395
33.822417
9.255240
2.958829
1.611645
-0.080501
8.231333
-0.022722
13.592464
-6.280402
2.062168
7.758786
-3.814913
0.693502
-9.743330
2.461773
9.883073
-2.549388
8.197037
-8.478542
-6.427650
-1.441274
1.274978
-6.595733
1.915478
-6.783160
-14.456390
4.955871
7.535799
-2.599559
2.129242
-5.117318
3.131290
-10.321505
-2.702055
-3.331331
-11.237401
0.692900
9.129659
-5.607063
10.410123
13.076561
-0.965239
-1.926253
-4.407555
1.095181
8.109439
2.592023
-1.419136
11.299850
0.629698
3.125284
7.587768
-7.597743
-0.019117
0.532148
-5.783916
-4.357099
-0.028674
2.037503
-9.791824
9.465083
-12.005874
4.690514
7.502604
-2.941307
11.524379
4.017582
-7.186382
2.744926
3.591409
6.302672
1.377836
-4.372153
1.115724
-0.888044
4.506862
-3.019900
-3.170443
11.156795
0.056281
0.699513
-2.979597
0.570280
3.458262
-16.169788
9.456084
-4.667390
4.107966
8.269880
3.915440
-3.398632
7.141446
2.967318
-1.989051
0.864807
-3.811520
4.640400
-6.447635
1.695865
6.611081
5.043137
-1.715603
-4.373747
-7.490348
0.310376
-5.505166
-7.579193
-1.351335
-7.067688
5.918490
-9.820714
-5.320405
0.122230
-3.462188
-9.330544
-0.157200
3.737535
-4.129724
-6.687224
4.570131
3.469596
-5.479814
5.533375
2.167808
1.562905
-9.918446
-2.196468
-8.565726
9.619162
3.503970
0.062688
9.186450
-2.983229
-7.163737
0.958027
-2.613968
3.666735
-3.805342
-9.642513
-3.410703
5.265703
-0.830962
6.501815
-8.977656
9.710617
-1.176454
2.630380
-0.109106
-4.177472
5.603362
4.797741
-4.618547
-8.598410
-2.757923
-8.490155
-4.952467
17.116746
3.733024
2.269974
2.132422
-3.975481
8.908633
-0.663371
0.720390
0.926424
-3.112250
1.272443
-1.451591
-2.759496
-3.758030
1.416001
9.178573
-1.364088
12.030141
-6.245963
-3.163195
0.868213
-2.491419
2.296974
-0.442162
0.741604
-2.931093
6.850499
5.811480
-12.527532
6.151720
8.453326
3.263180
5.745866
10.046534
-7.197020
7.323072
5.061385
10.384525
-13.612009
-11.268827
5.876138
-2.041162
4.642890
-5.012928
1.002873
-5.421810
-9.905614
9.796248
-9.334290
8.499694
-2.087935
-16.124759
1.197911
1.024294
-2.634217
-1.995331
-5.696371
-1.005592
5.489703
-0.051196
-1.275056
4.724491
12.502540
-8.137182
2.713623
-6.455638
-1.206960
-3.366174
4.260203
-2.977169
8.037405
-5.574413
-5.997228
-6.993054
-6.722909
5.110014
-5.822229
4.189879
1.726604
2.473730
-1.166730
2.287976
-2.444309
-2.049684
-6.453509
0.021822
2.931639
1.387284
6.835806
8.206977
1.583029
-0.674143
-7.890673
-9.264634
2.219969
-8.665298
8.100326
-2.556374
-3.073041
-4.078099
-0.371067
0.166395
-5.423061
-5.443554
5.662630
3.613959
0.587481
5.479729
-3.636211
5.517166
5.314815
6.417137
-1.504968
-8.330510
-2.632548
1.602577
-9.725656
-5.214182
-0.823307
-2.227296
2.159160
-3.923120
-2.780118
-1.195080
-7.688845
-3.354341
-10.741879
-1.228806
-10.679570
-1.222710
-3.666981
2.795749
-6.289628
2.567853
-2.778786
-8.062097
-5.021305
-4.174786
2.177823
2.211262
4.984881
8.076613
-1.806541
2.646094
1.298963
9.495709
0.101172
-11.279537
1.866064
5.630892
-0.598898
-2.032940
5.009397
-3.676472
0.479013
-3.907083
4.953605
9.676295
4.436359
-6.310169
-0.003740
4.373975
6.737863
-8.479302
2.799670
4.147217
1.824635
-5.047347
3.837122
-4.353128
-1.927850
-0.931787
5.556716
4.313516
5.313497
12.457529
-8.638825
2.445899
0.997897
-8.181360
-9.674060
-9.638085
0.325482
-3.591589
-4.853132
-12.479402
-4.588972
-0.408333
2.169585
-3.055283
3.283611
-5.871031
7.611087
1.347582
4.564352
-8.008021
-1.721464
9.633647
-2.438529
-14.770415
1.117031
-1.177543
5.558800
11.388362
4.883653
-1.658267
3.452698
-13.451170
-3.995681
-0.317692
9.713074
-3.345688
-4.143908
3.081378
-3.368021
6.210925
3.466567
8.971135
10.581123
-6.747696
-6.139117
3.937270
-7.399144
-18.524156
-5.047291
4.944002
8.735584
7.295191
11.321447
-6.449923
-7.464785
0.212897
-13.043386
-14.403323
4.593779
1.493754
-1.865188
-3.543299
0.122780
3.716799
5.796656
-1.607291
-3.554172
1.164866
2.162224
3.379412
3.285095
1.090291
-0.370420
2.480343
2.108870
-11.834046
-4.287547
-6.155215
3.622893
13.100076
0.877170
-5.730267
-7.118513
6.157855
7.417064
-4.333322
-7.516043
2.410651
-2.705018
6.266954
-5.242889
-4.944999
-0.223431
-10.692953
-2.962307
-1.499429
11.358460
0.187197
17.466357
0.377792
7.329921
6.118836
0.330831
0.095356
-9.906252
5.739690
6.914555
-7.264438
-8.372627
-1.387044
-0.458836
-4.758713
-10.589298
-3.597110
-3.748024
-1.785337
1.231090
5.783103
-5.687029
-10.263659
-4.573507
2.423802
-6.029688
3.197814
4.726810
-8.258085
-4.420637
-1.763800
4.119511
0.052496
-2.607466
6.365040
-3.833855
7.712880
7.546057
6.526186
8.186972
4.029432
-2.478139
1.113768
-3.212326
-5.457239
-2.821940
7.202570
3.543871
5.135732
6.955370
2.879988
5.025781
7.219167
-5.844547
-3.337257
-2.041900
5.245197
3.304091
-0.375074
-3.435213
-9.454696
-1.381816
-4.711783
4.198339
-1.971648
6.469609
3.636485
-3.015840
4.312368
0.488882
-9.299697
-8.291579
-0.610377
2.931656
0.786883
0.393671
-1.394138
7.008502
1.446761
11.159367
8.610858
21.986053
-10.011920
11.587453
6.646846
3.960008
-5.528251
-4.192587
3.095371
-5.895827
-7.263076
-5.540841
5.392132
-6.126171
7.009199
-0.677397
1.918021
6.671665
-2.464800
-8.244142
5.533751
4.402867
-7.554640
6.891219
10.082152
-5.766261
2.534392
1.761519
-10.862374
9.197316
-7.719844
-2.557758
-3.521243
3.597357
3.511917
6.555042
-4.168461
3.295227
6.132269
11.608844
5.769435
1.812564
2.293623
6.969874
0.812542
-12.651437
4.691606
-2.531823
-7.588056
0.551647
7.117162
-15.993740
5.334192
6.910731
-4.537135
5.031977
-5.572373
9.439281
-1.905655
9.937410
-9.166864
-7.166938
-3.990171
4.465942
3.395160
6.858132
6.553905
0.653598
2.683835
-7.632049
1.145933
-1.560320
-3.716606
-2.244794
-10.352353
-4.664554
-8.154102
-18.184589
-11.692117
3.442561
4.327017
-3.316420
-6.005722
-0.168466
0.855276
-6.618138
-1.969770
0.582330
3.852531
6.055813
-1.162985
-3.028853
2.361428
-1.052135
6.143227
2.986110
-0.183727
-2.946412
4.318268
-5.199894
3.662375
1.267678
6.724276
4.093653
-7.682280
-1.049788
6.263743
2.780934
-3.632364
-4.253253
-0.912264
-1.501805
-2.780316
2.426289
1.629055
9.091202
3.967267
0.340385
3.502553
1.834917
6.501542
-0.850239
9.278908
-3.719282
3.122764
-9.036684
6.033571
-5.305776
-6.514139
-5.253762
2.876819
-7.346231
-5.400400
0.350968
3.544297
8.167915
1.853816
2.430899
-15.234828
-1.582977
-2.444807
0.063426
-3.873959
3.835837
-4.873738
2.558252
1.161307
-1.895759
-0.477732
-4.456559
8.907686
5.201297
8.471240
0.868341
5.980130
-2.323370
-0.946829
-8.269415
5.849535
-2.042966
-2.370906
-6.312855
1.026658
3.459198
8.389697
-4.207459
5.383588
2.735912
-7.355663
8.675408
2.106177
2.084494
-5.882539
0.405383
2.677762
-2.983961
8.808529
-2.804753
-4.748958
-4.244381
-6.321302
-3.115962
6.859865
-1.443363
-2.332112
3.680376
-1.372835
-8.370040
4.195466
-6.519371
-5.444819
9.460487
-4.239493
6.529052
-4.313372
0.446153
5.665443
6.513127
5.347881
-10.292001
-0.125589
0.214426
6.082356
4.276950
0.072645
-6.860627
-9.036080
-6.127860
-0.062802
-4.311157
2.192380
-1.775447
2.863779
1.214939
-0.766186
6.236018
3.961433
-3.019397
-9.449484
4.930566
-8.226561
-2.207512
16.565866
0.068102
6.436893
-0.250384
-13.607208
-3.537390
0.934537
-2.584830
-5.762300
5.561898
2.784453
14.853990
8.903959
-4.332055
6.483173
3.535538
-6.162315
-2.196478
7.970422
8.829645
1.774513
5.427016
1.296582
2.022076
2.004672
1.436242
4.722250
-6.129008
1.709410
-4.692932
1.366886
-0.009003
-1.323015
-0.605543
8.076277
0.724478
9.780097
3.654527
7.222631
-1.797370
-1.180971
-14.332475
-1.804689
-5.080184
-11.331983
11.161563
-2.004822
1.696118
0.309010
-5.932079
-6.633485
1.917852
4.697164
-0.211301
-1.320738
3.885036
0.618864
-7.545449
-1.243896
8.532972
-0.404238
-4.313934
-6.698599
-8.143269
4.993443
-12.844386
-7.053510
5.031702
-1.761536
-0.362020
-2.219172
6.547863
-4.829206
-8.969754
-4.714079
-6.494706
14.041623
-4.645970
10.287116
1.476589
-1.016424
-3.863830
-2.526922
-1.647811
6.396314
-3.516663
3.212883
-7.598629
8.224261
-6.436765
-10.484020
-3.584507
-4.770814
-5.838306
