-1.524522
0.384594
7.163271
-2.839412
-5.364440
-10.842690
-4.238211
-6.759446
-2.048246
-0.400748
5.572956
7.571190
1.278863
-7.872531
7.881619
1.321183
-6.231871
-6.184106
5.721930
8.339716
4.591072
-5.653778
2.045376
6.837921
6.284393
-0.837176
7.204887
5.369350
-6.039805
-3.255469
-7.738263
7.403102
-2.957422
7.853451
-2.649639
9.251219
-0.571593
1.690586
4.425535
14.138325
-24.091994
3.976277
-0.568341
1.327150
-1.015048
1.200089
-8.085296
12.778289
-13.309762
-5.475349
-9.376382
-2.818770
-1.152767
-9.595910
-3.326884
-6.201716
-5.302272
0.455851
3.613467
-0.036586
9.038736
0.926144
-7.976338
2.795789
-1.240087
-7.143244
-1.164366
7.121812
5.632929
12.682268
-5.607916
-0.229069
10.330167
0.957804
-2.347901
-5.070308
0.523070
-4.012303
0.684720
3.349008
-2.245361
-1.191044
-7.731391
0.154435
0.011678
-3.842106
7.033074
9.047487
-3.165648
10.622055
1.749652
-0.507204
-6.849515
-8.741133
0.292543
-6.491983
-7.951396
-11.856282
-1.062997
3.397323
-1.090315
-3.266031
-6.376883
5.769249
-0.741765
-4.007900
-11.592113
-3.004384
-5.115635
2.197600
9.923015
6.421072
-8.809042
5.211492
-9.858919
-8.109017
7.600542
3.403591
-4.358134
-4.426998
4.471996
-1.598801
9.210106
-1.524524
5.612206
3.460088
3.790979
-4.180106
6.565305
-0.792483
3.310012
-4.804269
8.669852
-0.952216
9.959648
-15.695005
-3.697308
-3.113432
-3.825203
-9.264317
2.955139
6.289950
7.240958
-1.710862
-6.962603
7.943753
-7.781634
-0.085993
7.628289
-2.202611
0.164262
-7.543355
10.482641
-2.888581
-13.172459
5.761056
3.936040
-7.809214
-4.545767
0.845482
-0.421036
-0.134264
-7.075559
-1.151028
7.780052
0.819610
-0.606489
6.166703
-5.295619
3.991865
-4.683883
10.097430
2.673865
0.830940
0.268815
9.138502
3.990101
4.063174
-2.135245
-8.748895
8.480126
-4.188902
-5.304721
5.553951
-10.796101
-2.393089
-4.959590
-5.160527
0.342614
5.525629
-3.196723
-4.025077
5.958035
-4.011470
-5.829743
6.401788
8.192329
-0.684127
-8.521469
-5.400268
-4.858814
-0.411542
8.201594
2.885582
10.568176
-4.556520
-0.534992
4.688260
-9.703509
-4.336189
-4.380368
2.766235
-0.169442
-5.908484
5.427778
-4.973162
3.089835
0.228704
-1.412870
6.231612
-0.917427
-3.856063
-0.793519
0.493384
5.146236
5.548169
-1.017930
1.608718
-2.040922
6.049169
4.090035
-4.290868
-5.834838
-7.854003
7.114502
-1.199053
-8.257991
-4.432317
0.167089
-8.834889
2.847146
3.369744
-2.719258
-0.852286
1.497669
3.048038
-6.503383
6.405414
9.261898
-0.330008
3.947502
-7.638283
2.582795
-6.875690
-3.851137
1.437447
10.413866
4.190530
3.392214
2.492289
0.961868
6.568669
-5.993352
-0.968072
-3.563458
1.465612
-3.114744
6.507537
3.613368
-0.224026
1.061786
-6.631730
-7.369312
-5.402652
1.185076
-6.488427
-3.269490
0.776332
3.764745
-2.512224
-1.942356
4.668799
10.121553
0.036555
-0.841662
-1.339987
6.989408
-9.319541
-2.408925
0.606768
-6.733228
0.184011
5.921056
0.651268
-6.463447
1.738379
-8.730609
-5.590624
1.211607
-5.362945
3.839918
-5.765474
-1.565298
3.904972
8.630196
0.351598
-0.728266
8.329947
-4.408419
5.749129
-2.321233
6.058888
7.029576
1.951418
3.390873
-4.010387
2.882893
0.726135
-6.521331
-0.723249
3.021930
7.812571
0.118263
7.193578
0.083030
1.163717
0.151512
3.174197
0.647703
7.336227
-2.266062
1.217998
4.724040
6.684256
-7.154865
-0.296699
4.744830
-5.862867
-1.197206
2.956261
5.591118
0.257745
-2.142440
-1.458701
0.595173
1.206647
3.087570
-5.204438
4.440467
-0.440938
-8.449725
-4.515820
-4.086570
4.962110
4.578945
-4.337531
3.207364
-5.247426
-0.532076
-2.219563
-10.473391
-20.879688
-1.712812
-9.965012
0.821852
5.408734
-4.662572
8.537223
-1.264019
-0.181202
-2.708463
4.767841
5.045996
0.304968
-2.619479
-2.540925
4.493327
5.886700
-14.548509
-8.736225
5.365887
0.602545
-0.585007
-9.655983
-11.478166
2.155021
-1.732672
12.398911
8.997535
4.453835
-0.425146
0.336160
9.903204
-1.662215
-7.771136
0.481377
14.239485
3.210759
2.821517
-2.745883
6.614918
4.123653
1.015925
1.221304
12.204732
6.006244
7.384563
0.585179
6.919278
7.395949
-6.442632
-11.778663
-1.746133
-8.257335
0.448170
-7.239203
-8.585150
-3.033486
4.851173
-6.487235
-9.245872
4.688440
1.828507
-1.983863
-1.572607
9.864299
-7.463851
1.261222
-4.337980
10.537599
4.943524
4.644852
4.920803
-0.846559
1.154643
-2.226246
1.124752
3.866519
2.902883
1.848949
-6.305738
-3.932965
-1.595719
6.670486
-4.624713
-10.036084
3.384356
7.549145
-5.213344
2.554825
1.671507
-7.371730
-10.718514
-5.697236
-6.416932
0.458600
0.398609
3.772372
-4.387907
-7.281666
-6.693945
-7.603133
0.087167
-9.974565
-6.954499
-1.882605
1.373426
-0.241160
-6.306013
-1.732347
-5.027709
-6.118420
2.910795
9.405765
5.928823
4.678929
-3.767923
9.851635
-8.983137
-5.554181
-9.009380
1.908821
-6.311983
0.168905
7.624611
-9.597727
-6.348997
5.466399
-5.093210
-5.738244
-9.636053
14.877299
-7.692736
1.702354
-9.643612
1.659455
-10.241501
8.104250
9.295619
1.055115
10.118266
-6.585991
-1.489642
-1.986780
6.544670
4.369086
3.198385
-0.092280
-7.624522
2.289604
-4.995663
-0.168050
4.562048
-4.718466
3.121926
-0.623129
-3.960219
-2.967270
5.644230
3.824467
-11.128872
-3.773640
2.323838
2.941750
-5.107863
5.649758
1.710048
-2.422496
6.664608
-3.560054
-6.093800
-10.794834
-0.176322
-2.052207
6.547075
-5.516500
2.835162
-5.381895
8.808950
-4.293387
-8.596241
-9.952246
-0.447195
3.419662
0.500769
-4.617197
-10.550737
-8.616102
-1.534565
-7.501151
0.707295
0.894284
5.761158
-5.023220
4.933031
4.664681
0.058023
-0.561340
-4.894031
-1.663469
3.634164
5.044712
-6.668228
2.205064
-8.173891
-3.392734
-7.109912
1.678049
4.025749
1.906710
-5.646519
-3.790862
8.895703
-4.205169
3.643709
-2.094781
2.764580
-4.699490
-6.457116
-4.641743
-4.565431
-10.674271
6.516190
-4.982892
0.032502
-14.141546
5.791897
7.240173
-2.686092
3.702919
2.422096
6.795754
1.084648
-8.695879
-1.897827
-6.214326
14.512625
-4.847182
5.454687
-2.711405
-10.597101
10.522784
-1.615996
1.941727
6.614996
-9.881836
4.505033
-2.148631
0.287914
7.283305
5.221186
-1.550130
0.625986
-4.596056
0.273817
15.968613
7.342278
-6.461335
-1.016285
-0.946298
-0.214328
-2.099519
0.206508
6.326195
-3.891701
1.931441
-0.229314
2.933957
4.655386
-2.846365
-9.710560
-3.714568
1.635646
-10.657436
-7.845152
-6.335882
5.795983
-7.173525
4.101928
3.278084
6.840273
3.211436
-7.616426
-1.600066
0.552977
-1.068017
-6.527815
-2.532128
6.155088
0.898242
-3.065272
6.140469
-0.231276
-5.728248
-2.768759
-0.914829
3.984423
8.397018
1.797634
7.724794
-7.156041
-6.195430
4.331262
2.417706
-1.012806
-0.630721
-13.466001
-4.039695
7.655001
4.538106
-5.322053
0.451687
-1.253699
-5.528602
7.192971
-5.622885
-9.312776
7.204574
-2.982012
7.964674
-11.589858
3.651385
-7.465131
-0.660653
0.904063
5.251540
-0.855397
-6.572084
-8.656410
8.490017
7.470494
-3.520067
-4.222020
-9.424399
8.120229
-5.175293
3.794003
4.100407
-3.165185
4.379242
-2.874525
4.605289
-3.456834
6.479600
-0.655072
-2.536992
9.256812
1.258495
-9.901490
6.548929
-5.521040
-1.975536
6.233150
1.146759
6.825158
-2.974304
-7.432632
5.500397
2.130251
-6.154797
1.207616
-4.876959
-0.143904
-3.372731
-9.381558
5.074166
-2.086637
-8.197799
6.297037
-1.290999
-2.474950
-5.808689
15.291117
0.965031
3.547854
7.578421
-7.478168
-2.187383
4.276455
3.291978
-0.605701
4.582389
1.043885
11.806920
-5.464017
4.114488
1.494280
-7.391624
6.371230
-3.033831
-3.134683
-7.154286
-3.917282
-5.394946
-5.253818
-4.283974
-2.327404
-5.820109
-7.146969
0.550406
-0.898854
-3.287668
6.887109
2.493410
-0.774892
-1.240238
-8.191386
-8.684155
8.738441
-8.497597
-0.175397
8.368085
7.919097
-7.757628
-0.338332
-6.097158
7.332094
1.172054
-1.229078
5.772182
-5.178000
2.810081
-6.923894
-8.315199
12.847190
-1.810976
1.137077
9.140291
1.276948
0.262632
-5.539439
-6.706018
-3.959676
-2.586711
-4.122837
5.684014
-4.802075
2.366128
-5.388561
-8.505640
0.211035
2.354526
-2.888765
-1.009003
-9.440891
1.480554
-6.834668
7.098913
0.774060
-7.731192
5.217285
-2.881327
-5.209508
4.360255
-2.890885
5.064637
-3.710784
-0.024683
-4.101123
1.033027
-3.051706
-4.919789
-0.651050
1.419417
-2.611750
-0.011423
5.440013
-6.214592
6.245456
7.207197
8.223985
0.805974
5.235447
0.365375
5.756006
-5.718160
4.026892
0.359298
-6.999317
0.661670
6.543506
2.241258
-0.452426
3.699277
2.469761
8.287229
-6.298781
-1.869314
-0.187517
6.059248
12.943942
1.629228
-21.920080
-3.949594
-9.739557
0.368941
-1.229722
-6.870396
2.252106
0.807252
-1.691559
-5.796023
6.396307
-3.857749
7.677564
-4.168166
12.536205
1.789305
-1.124869
-12.080429
-4.446057
-4.461523
30.587383
10.976538
4.745270
-4.119867
-9.503222
-5.988682
1.596681
-0.884958
-3.537125
-5.932862
-2.901318
1.209287
-3.153982
7.217353
-2.293907
3.095274
4.927024
-5.006231
-8.005632
1.075145
-4.583802
-9.492991
1.715623
0.031715
3.498504
-6.223063
-4.134757
9.374599
3.348264
-13.750938
-6.010715
-2.614019
-8.150169
0.454531
-0.369791
1.471460
-4.916788
-1.950514
2.284560
1.553949
-6.045054
3.521417
2.791086
-5.159331
-3.625530
-2.021108
5.012030
-7.658234
-4.522857
-5.144767
-1.838883
6.330159
1.142792
4.548995
4.603010
8.685464
18.537838
-3.527194
2.264399
6.168690
7.002306
5.518676
-2.558506
3.365528
3.129434
2.387052
-0.973540
4.036549
2.646244
-0.959595
-4.491684
-7.373918
1.180295
-5.539520
7.676935
-5.485631
-3.284680
7.148831
3.880596
9.231751
8.649200
-1.684080
4.615501
6.783958
16.530339
-8.984995
-2.481305
0.614160
-0.091581
5.191526
-0.862218
3.641574
-2.511922
0.848000
3.682682
3.613382
-2.134710
-5.344432
-6.782664
9.958154
-3.170796
-4.082780
-1.407782
-1.304940
-1.190691
-8.087451
0.812121
-0.574561
1.469325
2.635383
3.562376
7.832038
8.094579
1.470933
-9.420701
3.900671
-2.189373
7.298940
1.967398
9.268806
7.119052
-6.556328
6.693455
1.681413
6.713904
4.618178
6.529242
-5.584380
5.134217
-7.129571
10.195800
0.177631
0.309378
2.995832
3.214309
-8.734915
6.528976
-4.888689
1.585182
-3.551039
6.534488
-16.856907
5.684037
-4.489805
-5.877431
3.002494
9.739951
6.732363
-5.629812
3.305681
3.653874
-9.100297
11.430271
-4.187327
2.285630
3.578869
-5.469099
1.521608
-3.090351
4.129830
-0.795010
-4.199525
-1.285565
-9.075526
-4.123196
1.838288
-1.552830
-7.140589
24.808838
-0.350940
-11.825922
-9.755094
7.488227
4.440249
-3.498116
-4.659497
-0.558807
-7.249656
1.063038
7.660765
3.755462
-2.953762
2.928999
-5.250422
-7.068974
4.461156
-3.579964
9.201214
5.460018
-7.914406
7.162923
-5.738290
3.568294
0.078441
-6.710361
-2.032630
-4.458833
-7.472686
5.661308
-4.640252
-1.709081
-3.035980
0.708699
-4.598004
3.971146
5.167616
0.891480
-10.371330
-5.503715
-7.499940
7.822699
5.834499
-4.885954
-0.660040
-1.579859
1.485250
0.424926
-6.788298
2.296241
-4.454647
0.930104
0.857909
1.542309
2.815298
-1.110274
11.575268
-0.792905
-2.949093
0.413884
0.821363
2.148032
-7.300499
12.658390
3.338240
-6.089988
0.959427
-3.113504
-4.940331
8.827303
0.117241
-5.008575
-0.019546
8.051332
5.117720
3.882555
-0.460945
6.393987
4.470240
-10.270935
-3.961266
-4.955108
-2.038491
-13.395406
-8.738920
-3.952823
6.928065
1.741243
-0.809431
-2.710031
5.199097
1.038081
-0.078477
-6.693332
-7.927634
0.412303
-6.732932
-6.964110
5.528324
0.347776
1.263532
-1.084981
-4.744403
5.300434
-7.701998
0.219111
-2.926138
-2.637674
-7.142014
-1.185168
2.969124
-8.626643
-9.799932
7.837179
0.119645
-1.116835
6.772078
-5.506151
6.957924
-0.051658
-11.932005
-2.156206
-8.661196
1.641862
2.677859
-4.283354
-8.166729
1.153030
-8.946869
-0.087817
-0.751497
4.845482
10.193884
-4.607803
-6.478433
2.373618
-1.695148
-2.291037
1.603890
1.401893
-5.395881
-9.734336
1.941232
4.920339
-5.699655
11.527278
-2.394912
2.058344
-0.396902
8.269738
12.773326
0.446562
7.040454
-7.641749
7.591536
-3.175148
-6.369342
4.142961
5.647302
3.105884
-0.326360
-1.510833
-1.208081
-5.021334
-0.466165
3.554735
-7.856456
-7.587328
-2.737094
1.683927
-1.136920
-9.918003
3.746564
-2.939381
-1.034698
8.356394
-7.062853
0.066903
-2.929503
0.259124
4.837319
8.295422
5.733355
4.958482
5.580564
-0.950795
-1.950436
3.601008
-5.789147
-0.931573
-1.162698
-11.007240
-9.768957
-1.678227
5.948688
4.629611
10.798185
2.054113
-0.415601
3.524336
-0.000679
-6.890747
-2.114723
-0.275069
5.010099
3.780340
1.559957
7.813044
-5.745241
1.047992
1.139277
5.675564
-9.386689
6.506371
6.166968
-4.846562
1.290971
0.800866
-0.491437
-2.624967
4.751952
-4.580002
1.185092
-3.881643
-3.518636
-7.307755
6.189351
6.014979
-6.042208
7.470864
-1.542857
1.038629
10.498642
5.133949
-3.348896
-1.288132
-5.473244
-3.154493
1.979001
-10.679805
-0.192610
-3.404020
-5.206807
-1.731911
-0.578157
-3.581597
-3.472431
-1.018181
3.062621
3.390262
-8.153649
6.307143
-8.907520
-3.194684
3.493630
11.447755
1.479109
4.350027
-4.903684
0.283422
13.183950
-0.985656
0.061561
7.928928
3.888294
7.627439
-3.827227
6.996380
0.372085
-7.596087
1.588038
2.930192
7.807325
-6.172877
-9.112101
-12.442250
-1.001130
-4.273997
-0.608046
3.124168
2.602712
6.308653
-4.172707
5.340782
8.432708
1.399643
-20.088460
-2.006252
8.233111
3.929097
13.835247
0.186446
-1.062208
1.810680
0.715735
3.931642
-2.973594
3.185459
3.055974
-0.988648
-3.419934
-5.877226
-0.724166
-3.943841
-2.387748
0.812446
-5.486119
2.025677
6.261329
-4.420941
1.256493
-6.781505
5.389461
-7.829134
0.938778
-1.337091
1.568253
5.281570
-2.318563
4.382883
1.781382
-7.344827
5.736735
0.363320
1.559704
3.211940
6.300304
-2.995830
5.582723
-8.053428
0.145558
1.482260
-2.330312
-5.224895
20.624464
7.910315
3.632746
-6.823845
2.672511
-6.683553
-0.156478
3.380965
-6.288182
-0.052997
-4.372495
6.796205
3.587517
-21.598030
2.298003
0.308118
4.801979
0.213799
-0.257084
-0.012048
8.089231
-2.701781
9.323163
0.329898
-13.874927
4.830552
6.176914
2.468506
-8.281048
9.898001
0.264145
-2.608787
-1.483320
-8.193177
-6.410289
1.127442
9.237322
3.907342
15.435660
-1.148476
6.323483
-1.403872
-2.932151
0.467440
3.366921
-2.279654
3.440002
0.499696
0.930437
12.662748
2.703554
8.832314
2.451102
-10.405772
-6.418304
-2.854076
11.390696
6.627499
0.806478
-7.807027
9.846203
2.602987
3.849951
11.670831
-8.322499
3.125579
-2.851285
-4.897977
0.855033
-1.023507
4.341142
-2.804009
9.629676
5.023426
2.963770
-2.785097
-3.151798
2.546069
1.758079
-1.803234
0.217948
9.153266
-0.444437
-3.705883
-2.015165
-12.493113
-2.976316
4.252808
-0.020389
2.347042
2.225159
1.728739
0.882201
-5.693328
7.586420
0.303077
-5.604925
-2.747353
-18.121001
-2.894274
3.491129
7.535057
7.149604
1.453854
-8.828533
-1.109344
1.766590
1.054336
-0.768039
4.561661
5.149440
-5.210439
2.967866
-6.362429
0.852487
1.828308
-0.793820
5.167799
6.513871
2.776886
-8.255148
5.287612
-2.000567
3.473160
-1.073348
2.731731
4.592979
9.768917
-4.126023
-5.667090
8.449723
-4.573681
6.489396
3.752508
-0.608256
8.089508
1.189558
-4.670539
-8.857893
0.868542
6.605104
6.548231
1.192928
-3.523039
-4.874706
-5.176135
4.513707
16.529459
7.088603
10.017507
10.770002
1.540721
-8.866526
-5.600145
1.249898
-2.981313
11.257524
-1.826246
9.426436
7.263465
7.759420
-6.176743
-1.622893
11.712277
-8.169157
4.064319
0.676518
3.677512
0.720033
-4.501768
-12.373649
3.883611
-4.088675
-7.096840
-6.903813
2.274902
14.976283
7.487644
6.652523
0.761926
9.086711
-2.195426
-10.055632
-1.537180
1.905601
1.449447
7.723966
-0.226429
4.822939
4.123273
-9.596199
7.326063
1.167754
9.297785
7.134038
-4.052903
-1.250147
4.402868
3.055461
-1.418938
0.207038
2.310362
4.811312
7.931236
1.005522
-9.064411
-4.062889
-4.885511
-1.190030
-1.619808
8.590590
-6.275201
-4.742228
2.357556
8.424922
2.052885
6.093317
3.725054
2.534852
4.559301
2.406566
4.835561
-5.284064
-3.929537
-8.712322
10.453542
5.830285
12.264669
-65.013364
0.739541
6.301193
7.706714
11.095479
-11.019752
-1.910988
-1.601672
-11.708026
-7.866992
5.063321
-8.023245
5.034192
0.414825
-3.381259
2.605863
-4.813063
-9.061236
0.406022
-1.874550
-6.846484
9.484753
-9.437003
1.073336
-0.088987
5.003838
-6.378384
0.402885
-10.822324
-0.159183
8.681649
7.660413
5.201061
-6.253118
0.289799
13.996747
5.002991
4.343937
1.286016
1.696440
2.684088
2.641974
-2.720798
4.823954
0.902746
3.492759
-4.713601
6.953442
-6.628093
-7.775044
0.539835
-2.465171
9.399043
-0.872654
-1.752663
5.404188
1.476614
1.370357
-1.005392
-5.324139
-7.609714
10.073554
4.090106
-8.636915
9.799114
7.493263
6.778633
11.554695
-10.291759
4.542285
2.105379
-3.114836
3.057090
4.922344
0.833312
-9.570157
-9.809750
4.574254
-3.559095
5.581963
-2.169896
10.260288
5.114442
-1.059158
-2.172499
8.925658
6.131225
5.077917
-4.894303
16.301066
-7.372211
-6.324358
-1.327944
-2.673264
-6.067847
11.790032
3.151625
-4.917201
-7.656377
-4.708139
3.746183
4.245362
-6.351349
0.122686
-3.776258
-1.540639
8.768918
0.384709
4.010508
-2.170717
-2.169789
-1.197062
-0.846058
-6.563594
-5.767688
4.107027
-3.595402
-6.048482
4.567393
11.177081
13.944779
-23.191619
-5.463825
-1.902448
0.980669
3.516341
-0.370072
-0.937760
-6.240498
3.200493
-3.984830
5.404409
1.025583
-0.096311
1.327607
-14.281284
2.716411
-8.737635
0.623765
-1.344417
-2.497064
-2.260011
-3.832067
-6.193652
-0.106190
5.429668
-0.460503
-10.142585
-1.734637
2.711473
6.570944
-3.306234
5.948925
-6.194764
4.734174
14.086008
0.098908
7.947813
-5.189076
-0.586501
-2.288897
-5.150180
-0.081663
9.941644
-9.795139
-6.085210
2.360698
-7.346159
3.420955
6.432991
-0.549286
