-2.337204
-0.705460
-2.781043
4.488895
-0.000445
5.069580
13.762792
-6.426088
-7.033547
1.198405
-3.088947
-2.562617
-5.817427
3.262810
1.723377
3.474278
7.339929
0.026154
2.683799
-13.779802
-10.158021
-15.880636
-0.329380
1.035462
-0.812904
0.966446
-6.443276
7.794852
1.931040
-3.647076
-1.629244
-0.208619
2.775163
6.797355
3.455534
-6.039904
6.630114
-6.712467
-9.474223
-6.547514
-1.536118
-0.449630
-4.416066
-3.741374
1.940638
1.421295
-5.286219
-1.110655
2.184079
3.625934
4.305646
2.548635
9.207560
4.096037
2.772599
-4.021811
6.289909
-7.871784
-2.065436
2.280451
-1.430192
-13.611747
-5.456716
21.078791
12.522939
-5.500866
-5.642149
2.904988
-15.699784
9.477927
6.620268
-4.785438
8.498054
-11.490727
10.158207
1.978868
6.566728
7.821943
-7.186140
-2.089909
-1.708214
-2.665735
1.799183
4.107462
9.584131
-7.432834
-5.272197
10.257727
3.201307
6.252547
9.404173
4.625185
-2.435216
6.693573
-25.879937
7.059200
-3.071647
-1.892867
-2.342349
4.748045
0.817601
3.753281
4.925446
2.767981
-5.985479
-5.050306
-4.184516
-3.961849
8.541871
8.350805
-0.817343
-8.132545
-3.474965
-2.530124
3.488589
6.530276
-7.410447
-0.813946
-3.395176
5.762060
-5.723211
7.673549
-3.114490
17.126950
4.956534
7.537700
1.154636
-0.603811
2.016980
-6.051409
-5.201288
-7.415733
1.832276
-10.770482
11.388863
0.122352
3.701921
5.639226
7.107123
9.137808
3.509504
0.830347
-2.416081
-1.182826
6.598073
-3.400782
-4.362822
-4.622661
1.480195
-0.904515
5.181755
-8.433998
1.361198
7.385160
7.588790
0.791314
3.080329
5.151291
-1.778451
-1.470951
-1.432004
-6.115911
2.312542
-8.751108
-3.534950
-0.308992
9.991018
2.773741
-0.062695
12.503886
0.863742
-2.677310
-6.295305
-1.320045
-0.769820
3.187805
-4.425952
-3.928728
1.705913
-1.155328
4.197057
-5.758633
5.088060
2.569285
-1.186164
-0.115372
-2.189589
1.292237
-5.442676
-2.682873
0.315895
11.174545
7.767503
1.640432
-13.639593
-3.488592
-2.191044
1.567427
5.297384
-0.916687
7.447062
-9.216410
6.766740
-4.110864
2.065391
1.782983
-2.030389
-4.231597
13.028610
2.435841
2.439082
-1.163392
-1.632560
6.476940
-2.890632
3.616259
-5.100339
8.605242
13.837914
-1.362407
6.037618
-0.726572
8.087492
-2.200934
-6.852757
7.610717
5.222199
-9.859907
-5.428396
0.438891
-1.990826
-5.414996
-6.460081
1.710932
6.519193
-7.948845
3.058699
-4.782634
5.165736
-6.256260
10.145555
-5.142962
8.903279
-8.243094
-5.993210
5.203877
5.697958
6.660586
-1.696794
-7.588412
-5.666894
0.292489
-1.481454
7.346158
-6.257281
3.484520
-1.749222
-9.450419
-9.320621
-6.012520
-0.612152
8.877716
-0.014583
5.139810
-8.761120
-8.779478
7.362772
8.442289
1.234153
5.995032
4.551081
-3.540553
-1.251133
6.858264
3.844845
3.339250
3.894858
6.693621
1.243928
5.653841
-2.184006
7.674109
-17.281305
-6.479814
1.847778
-2.028741
-3.154636
-1.774142
-7.149060
-4.559635
-2.907392
-0.298974
-4.341700
4.634699
-6.873741
-3.044362
13.201590
3.871818
-10.616543
-3.422942
-1.768326
-8.014466
1.801406
-0.502172
8.521510
3.043166
-9.680902
7.543421
10.761603
-6.720245
-6.975252
5.322215
0.985610
0.214133
-3.279195
-2.791390
-0.050324
4.316882
-1.583137
0.656059
11.105804
6.833672
-4.904454
5.832313
1.724330
-4.787032
2.291404
-9.354773
6.723464
-1.353458
-13.893116
-1.944409
1.686893
-2.742871
-0.734019
6.467890
-3.130688
3.327777
8.997511
-11.323115
6.959795
-5.588397
-6.427556
-6.609653
4.669712
-4.511102
-7.141346
-1.874941
-2.068404
-6.552180
-6.388512
-4.667744
10.791113
-1.473618
-6.831444
-3.931501
8.191111
-7.966470
-0.518498
11.932880
-5.424753
-7.151913
9.387106
1.825571
-1.317855
2.292737
6.815246
0.608258
7.591103
-3.044727
-4.641377
-8.240461
-18.291557
-3.830140
2.570657
-4.094654
4.220499
5.610978
-3.101447
-9.441590
0.938543
2.480376
-0.328774
7.838437
3.371790
1.203228
-6.870767
-2.127965
-0.295329
1.737553
-5.913308
7.558708
-10.955764
1.812571
5.646759
-7.416989
-5.563016
-8.688687
15.210781
2.628508
-0.874390
2.265708
0.011686
-3.037891
-2.303112
-6.455844
2.906900
-6.240928
-1.592681
-5.013505
-1.244873
0.340132
-5.175286
-1.703219
-3.040602
-2.737182
-7.705900
2.617717
1.711881
0.095076
0.569748
2.432145
-5.091011
-8.356398
5.299034
-3.727103
5.170489
-1.808223
0.994498
3.980440
0.647917
-7.392652
0.314042
3.500758
-8.469334
2.664495
-6.369079
-0.963707
-2.751231
0.886482
-5.235262
-9.077602
16.930592
2.667129
7.826654
5.091066
2.062643
-4.462735
-2.166643
-7.308724
-5.779155
7.897835
-2.386865
-1.924131
-8.435069
-1.633232
-0.148772
7.477525
6.743553
-1.418127
1.973445
-9.258240
-4.291559
6.786798
7.037947
-9.464689
-4.556885
-6.227795
-1.249923
0.208793
10.057345
0.118858
5.348665
2.862941
-8.854843
-6.534287
-13.358761
-5.808630
-8.222073
-2.369571
-3.109559
-6.827921
-1.214786
0.681545
2.869837
-11.876804
6.023705
-1.567707
5.022010
-10.266561
-13.466829
-0.995183
-8.503038
-5.109605
-4.212831
2.370826
6.698751
-9.147029
4.250357
-6.008782
1.043210
1.027502
-6.192953
-2.661695
4.972020
-5.080309
-4.443073
-7.844156
-3.894339
-2.994872
0.528677
2.030326
-13.799053
0.013559
-3.065549
-0.548521
6.052420
9.026330
2.364803
-10.148863
7.962901
-2.000116
0.389576
-9.526329
-0.647947
-18.543473
2.721735
-3.597562
-0.655442
3.795315
3.310392
-0.164860
-4.574574
-6.147005
-8.348295
-1.816457
10.453618
9.848045
-0.051887
8.819934
0.604148
7.215526
2.523615
9.093216
0.163888
0.365018
-13.965530
-1.495132
-5.084553
0.787295
-5.607133
-1.183416
4.535983
3.022420
-4.430465
3.475552
-1.263503
1.544055
-1.412804
3.090691
-1.368098
1.775809
-7.947388
-8.377861
-0.000100
0.116953
1.646792
-0.369212
0.020427
4.635629
5.719627
-7.007368
6.012617
3.177401
7.570528
-5.499119
7.521100
-12.838260
2.546419
6.864924
-4.371201
2.566575
6.030884
9.014704
-2.367721
1.931402
1.345334
-9.170291
-0.032634
-3.386170
7.669105
-7.390798
11.800643
0.547562
-5.869787
3.638003
-4.891787
-10.015833
3.400729
4.257392
-2.116302
-3.236690
-1.608668
8.530436
2.480976
1.920994
-7.661621
7.444847
-1.348934
-6.012338
7.734784
6.932740
-5.369453
-8.252732
-0.869818
16.654882
0.429582
5.264268
3.049802
-5.663161
-2.240562
-9.402163
-1.249961
1.374079
-3.601258
-7.665151
-5.334164
3.947712
-1.539873
-1.933464
-0.829726
-8.820720
-1.443676
-3.783956
-3.583815
-5.475470
-7.375411
-3.503803
-7.508298
7.110786
-9.524584
9.124822
-5.278265
9.617432
1.193481
2.080549
6.027991
-5.784052
7.150093
-7.698377
4.477600
5.693968
9.238811
4.163063
-7.520508
-3.821006
6.147328
-4.090559
0.305289
4.149628
-5.370708
-0.443115
-5.462081
1.366904
2.277517
1.409940
9.201072
-14.598262
0.863177
-8.305967
-9.141136
4.397609
2.695700
8.379067
0.320927
-5.293012
0.320003
-4.134067
8.335728
-9.598617
5.923478
2.701767
2.279434
-2.930725
-2.976419
3.606654
-7.657103
-2.906804
-4.944248
2.963320
-2.311914
-11.104859
2.658623
-3.817533
6.099622
-2.695078
7.731759
-5.377747
3.916053
-15.249348
8.981383
0.823287
4.614938
5.023625
1.323358
-4.161234
-10.499047
2.169110
1.512683
14.258416
4.922668
-14.100460
-1.554845
1.022908
-10.299243
-12.651902
0.421862
-2.530016
5.551519
5.302880
-1.582315
2.326894
-3.498503
2.066352
3.846105
-9.980699
-19.267801
-8.135484
13.298306
-1.945034
4.357449
-2.663988
2.611569
3.467872
5.493754
1.556485
-7.395752
7.707279
1.486023
-4.906046
-7.029775
4.413111
-3.293269
7.787111
-1.351437
3.420932
4.017121
6.095829
1.138848
-4.735199
0.727666
2.501056
-4.961560
1.578669
-0.470180
10.537233
-2.289230
-7.642168
-8.281391
-8.981078
10.139943
-6.419267
6.770513
7.184478
9.222290
3.829161
-1.781393
-9.785143
-5.790879
5.851778
-6.146484
10.522912
3.985099
-2.503888
-0.230034
1.013096
2.426677
4.558761
9.287307
-4.612606
-6.062078
7.723197
5.186686
-7.625823
6.596067
-5.940894
-3.804264
7.819964
-4.518230
0.136775
5.425194
0.190733
-7.662886
9.344374
7.927094
9.546733
2.751376
2.619875
-6.058252
3.902019
-7.809991
-2.368206
-1.353492
-2.601805
-0.339388
4.256058
-1.750061
5.545086
9.739895
11.654586
-1.335535
-1.153828
1.138108
2.491894
-13.510140
-8.972631
1.280147
-2.364628
0.508740
-9.048920
2.716363
1.293432
-0.901283
7.537233
-8.106663
1.331663
-1.718484
2.652548
1.803349
2.255125
-8.624480
5.445411
5.425454
8.217686
2.004601
0.881524
11.962999
-8.978392
9.080145
-9.239995
11.922350
-2.456299
6.607523
-10.337890
-5.848500
-2.273273
8.576578
2.135402
-0.171889
9.409765
4.648044
-7.766572
4.166357
2.425398
-0.574295
6.813373
9.702977
0.474103
-6.621169
-7.631291
5.902132
-8.712189
1.257167
-0.477270
-7.643649
0.332221
-6.068578
0.851780
7.845540
-5.767469
0.381918
1.274367
-3.525397
5.093493
-7.268169
11.030681
-9.720570
8.328248
4.843259
1.157501
8.084117
13.812398
-9.847264
-1.944597
3.531732
-1.547961
4.875589
-5.522102
-2.783049
-5.615842
1.564710
4.636702
2.046619
-6.184614
-3.224133
2.645725
6.866284
-8.537482
-3.129831
0.851519
6.529332
-3.599785
-10.407119
5.858801
-0.632721
-3.995399
3.282045
3.543381
8.540015
2.355534
0.192073
-3.006270
1.543319
0.624649
10.588892
-3.933572
-4.779475
-7.198006
-17.696558
-8.498405
-7.849943
-7.295992
6.619157
3.197965
-4.275794
0.314330
-2.685434
0.154417
26.732150
-4.854532
1.462456
-2.470931
3.012238
-12.504362
6.277381
6.604334
-3.485976
3.156629
2.410929
-6.266306
-12.732643
5.360205
3.116512
6.700465
-5.753619
-8.949770
1.690947
5.766506
5.124427
1.402301
-0.180850
8.722259
7.232899
-3.594657
-0.092454
-0.607361
-7.397176
-2.766314
6.222664
7.454547
-0.351686
-1.755526
-6.275155
-8.162939
6.554127
-7.320773
-4.909009
-3.953509
-9.699778
6.000765
4.339070
-1.503537
-4.823832
5.651697
-2.575843
14.302944
10.814280
0.822558
4.998737
0.292471
-1.917996
-1.973353
0.774203
11.265324
-1.770788
9.071351
1.887632
-9.249414
-12.070610
-5.236779
-3.439166
0.211723
-5.265170
0.470732
12.163777
-0.406452
-5.104140
2.063141
1.702172
5.649603
-4.645069
1.893612
-4.109002
-1.716480
-7.445741
1.894021
2.840987
-0.726494
-5.130521
2.254430
-2.259063
5.942169
4.292213
-3.143288
7.947388
6.858168
6.655793
-0.108674
1.810506
-5.858561
10.627611
-7.655363
2.359607
4.693921
9.730111
6.739494
2.382922
-12.520282
-6.691797
5.589805
-9.136389
-3.284553
2.959237
9.552812
4.331209
-1.732632
-0.241142
-1.749762
0.261932
-1.364442
-7.983213
11.635471
5.582359
2.238619
-11.429725
-14.673454
-8.922555
-6.575192
5.495509
-5.152077
-7.251764
0.634982
7.267660
4.226903
-5.153760
0.315381
9.663609
0.505932
3.439153
-1.203367
1.052285
-7.027593
-10.431416
-6.039614
-6.990675
4.045135
-2.285526
-4.087828
3.618128
4.733676
6.209833
9.673926
0.021811
-1.668365
-7.015561
1.525208
0.933513
5.143632
0.979244
-4.653219
-8.246777
1.725356
5.511765
-29.841476
-5.582840
2.985568
-1.778056
-1.432243
6.396883
0.519017
10.009760
-3.454704
9.981180
5.414481
-4.623643
-7.721001
2.883845
1.824086
-0.713013
-13.402197
-6.541316
0.617667
2.092463
-8.410254
-4.467526
4.576498
-4.824061
-0.099481
10.043660
1.457267
5.091446
-0.487629
-12.992959
1.181776
3.008634
-3.948603
1.709275
-1.662340
3.048399
7.212748
7.061036
-0.313675
-1.976629
-10.589233
-7.392445
4.032785
-1.548809
-2.955133
-1.089379
6.792807
1.346059
3.104986
-2.604373
-2.586044
5.105633
0.578971
0.855025
4.996003
7.248787
3.080754
6.025916
3.087479
-19.024081
-1.156197
1.565865
-4.065072
-7.442264
-6.256545
8.397105
-7.947900
-0.239264
4.381182
-1.250246
4.867500
6.183369
5.730857
-2.387425
11.571382
5.864651
-1.202750
1.638349
-0.798881
-6.089812
-4.375825
-3.638081
2.330446
3.181974
4.654316
-0.927443
-7.288195
-9.356993
-5.382740
6.862994
4.867266
0.297701
10.738771
5.171309
-7.304517
6.192853
-4.573314
-9.118515
2.610568
-2.908204
5.350230
-8.985627
-6.510132
9.878474
-1.811921
-4.328944
13.764751
3.628696
-9.639807
-2.436176
3.559470
-6.677973
0.678784
9.878021
3.731973
1.664193
1.331834
-1.698283
1.405056
2.140304
-2.399828
2.212896
4.807761
-8.920298
-3.671961
-4.212435
7.662396
-0.569839
-2.509649
-8.445546
-4.254515
-0.961735
3.657967
4.750261
1.255783
5.372714
6.568000
3.499544
0.223852
-5.256206
5.681637
-8.950667
4.744562
8.147849
2.710812
15.167573
-6.412979
4.618564
-2.197834
-2.869188
3.053368
6.288380
-0.491702
-0.718171
3.534213
2.469886
4.584245
6.947663
-11.270875
-3.299063
-8.056669
6.139633
6.344936
1.559374
-0.043785
5.386754
-1.225110
-5.052540
-9.245807
-1.311037
-1.755165
4.345053
-1.122258
6.021872
-12.627782
-2.178320
-7.811406
-4.086881
9.426960
-10.279444
9.466413
3.755330
0.622844
-5.250625
1.596454
5.680405
3.465605
-4.791523
11.475204
7.589001
1.141043
-0.616075
-1.188463
0.276576
-3.622651
1.664126
10.582125
2.928327
-10.244094
-0.873953
-3.730080
8.210592
-0.208566
-6.218585
1.888830
-3.595141
2.930893
1.235198
-1.264793
5.428771
1.197724
4.986360
9.388503
4.900704
-3.263044
-4.049472
-9.509864
-7.287900
5.159662
1.078963
13.078930
8.795087
2.085986
-1.924084
5.478907
0.219346
-2.267663
11.875848
-0.836551
-2.704048
-7.927342
-0.980693
-7.634199
9.939364
-4.081182
5.403870
0.660549
-0.274650
0.963569
7.578342
0.583864
1.448143
0.649707
2.146896
1.895631
-9.431959
2.914571
-14.288109
-5.603320
-4.694165
-2.089773
2.806811
5.165318
-1.618186
6.193374
3.482866
6.263828
2.488285
-7.982027
-7.096705
-10.721367
3.140678
-2.926167
-6.420538
-4.591402
0.954664
-5.263423
3.296552
0.242070
1.529887
-3.171011
-6.838162
1.825873
3.844954
-2.104657
-1.494713
-2.689666
6.444839
-6.261917
-1.309129
4.978896
3.489985
4.416519
1.681671
5.128593
2.471669
-7.183935
-6.701354
5.941386
6.056222
4.865344
2.682013
0.909285
11.438205
7.206308
4.936207
0.188639
-2.152293
-12.568300
3.481335
9.820783
5.322678
-6.227818
8.529491
6.093837
-1.253817
7.407101
0.648393
8.002787
2.106674
-7.188314
-1.227686
-2.058085
1.815616
1.596521
8.465122
6.532942
0.700763
6.543441
1.776525
-1.363506
-8.468227
-2.799044
-5.598251
7.883051
0.455502
0.052769
9.009398
-11.214547
3.950866
0.078705
4.428561
1.882104
0.586173
-9.723627
1.417902
-5.280678
-1.506618
-0.513516
2.940119
-0.453603
-7.831443
-5.223645
3.006790
3.309475
-3.344805
2.419458
2.221587
-6.351045
5.726590
-4.515988
-11.597239
2.490682
0.165906
0.736699
4.837960
1.835038
-0.525410
-0.651850
6.115557
10.406638
-3.954110
5.939005
8.131586
-3.807582
1.996319
3.211050
7.661298
3.478964
1.040218
-0.817431
7.431683
-0.829638
-0.979259
-8.878064
-4.617709
3.650764
5.634301
0.600749
-2.737580
6.891161
4.718747
-3.718318
18.232151
3.260247
-6.700310
-7.143979
5.357314
-5.273900
-11.472095
7.174064
3.447266
-2.783699
15.758441
5.234984
-2.256540
4.730297
8.563355
16.714068
4.565571
-0.610084
-1.144217
8.530668
-7.332382
-9.018255
-6.280684
-4.328154
8.779316
-3.256641
-3.842274
3.037752
-4.504565
4.709953
-8.543593
3.331172
-1.043985
-6.177877
-0.420652
12.069136
2.451890
-0.063090
-0.423823
-8.686090
11.033259
5.981111
3.589128
5.399312
3.345208
-0.505948
-3.627359
4.141676
0.673696
1.880008
-0.213113
-2.385654
2.913004
-8.175535
-5.746740
-3.277888
-2.312342
8.197197
-4.453815
-9.971094
-4.288451
-5.349937
2.614023
-10.885463
-1.233460
-0.512548
3.483279
1.521761
-0.869400
-5.475860
4.695205
6.970599
-3.326463
5.734344
-0.454164
-5.625392
-9.658083
-8.582038
9.061627
9.002295
4.362200
-0.475764
8.920670
-0.105579
-4.511411
-5.288833
3.045469
-0.282403
-1.671159
-5.717781
1.899325
8.616427
-1.822317
4.842455
-7.777646
17.693606
-12.909987
-8.799045
3.789151
3.329500
-2.804633
-2.930992
1.310385
11.505550
5.238721
4.804884
-10.560529
4.528663
6.788528
-0.955934
-5.032633
8.759174
11.843831
7.902641
7.973326
13.168449
-3.229379
4.899797
6.354420
5.808785
10.527110
-5.183869
12.504230
0.512191
4.158441
-8.092528
6.590164
-0.061415
-11.180360
2.394389
-0.642554
-10.641928
4.494387
8.753083
11.655775
-3.707643
12.747937
4.109863
-4.468147
-2.319560
7.206607
-2.355657
0.582642
2.316504
-2.136011
1.694066
-5.184694
-4.536836
3.194194
0.413174
-4.464236
7.570091
-3.497272
5.083123
2.037988
2.895221
0.562295
-1.160351
-0.186859
0.344741
2.685496
7.321486
-2.265297
1.249077
8.741639
-5.532608
-1.867660
4.547289
-1.461742
5.691553
0.174984
3.037395
-8.527921
4.825010
7.637932
10.612104
-5.376637
10.471951
0.530493
-0.527943
-4.926071
2.828764
6.432880
5.854591
-2.687394
-0.197121
6.968553
3.786138
9.897400
0.893709
-4.486836
8.074335
6.082176
-7.440596
-2.341345
3.424952
-4.416261
14.210167
8.458822
2.342868
-0.763307
6.231928
-5.758923
3.394548
7.560815
-4.114856
-13.728377
8.834387
-5.108475
8.479100
-4.744369
-6.690285
-1.983903
5.376469
0.473486
2.704557
-8.349793
2.994337
2.772309
2.983256
2.734706
-6.629415
4.509605
5.060405
-6.555817
-6.599378
7.314512
22.978431
-3.019153
-1.757537
-1.261020
6.213023
-3.184644
-5.414126
2.671760
4.927414
5.440785
-4.645837
2.990781
4.147874
-1.273587
3.824265
4.934035
9.510794
5.179874
9.483088
6.251414
-0.413531
9.209009
-0.397379
-5.027800
7.397389
9.914644
6.092186
9.156212
6.066696
6.107612
-5.751186
4.999377
4.146039
-1.588241
-8.011677
-3.569970
-6.077248
-5.722284
-6.050637
-2.346029
-0.401202
-2.449229
-14.847396
-0.840053
-7.368268
6.686916
-20.234749
2.790913
-0.575788
-1.734150
3.128450
-3.453038
4.423875
-1.067223
-4.837358
-6.009301
2.227053
9.277728
-5.440607
-5.635223
-6.113341
8.722055
11.448953
-1.489421
-5.659546
10.200374
-10.134954
-0.534222
-1.551118
-2.290358
13.331013
4.933997
-1.336669
3.895827
11.658343
4.235597
-5.514067
-2.932703
5.464356
9.318922
-6.233861
