0.232433
-0.417746
-0.035051
0.280848
-0.196174
0.390008
0.489849
-0.587001
0.706025
-0.514521
0.566695
-0.203471
0.102261
-0.328166
0.772115
-0.549903
-0.689761
0.799658
0.563555
0.435749
0.675145
-0.587700
-0.501220
-0.933576
0.139211
0.708282
0.034211
0.251341
0.661693
-0.158549
0.689399
-2.862586
0.721720
-0.871308
-0.480883
0.988951
-0.722346
0.411971
-0.357325
0.659901
0.718323
0.043503
-0.015701
-0.467015
-0.077854
0.558406
0.590601
0.707992
0.006925
0.421673
0.440634
0.674840
-0.656299
-0.632432
0.859166
-0.011526
0.497574
-0.528570
0.272345
0.369531
-0.507388
-0.782512
-0.264521
0.787995
-0.610046
0.064656
-0.562680
-0.461000
-0.050712
-0.370939
-0.611030
-0.661575
-0.512522
0.917820
0.017630
0.936111
0.299799
0.601126
0.139414
-0.530283
0.363325
-0.659138
0.018861
-0.473127
0.239461
-0.507363
0.478636
-0.697386
0.741383
0.415161
-0.020494
-0.692546
0.753690
-0.419214
0.589901
-0.352727
0.408998
-0.600393
0.933045
0.999934
-0.166413
-8.492436
-0.748822
0.832039
0.848000
-0.625598
0.081749
-0.993719
0.464404
-0.733276
-0.664472
-0.879944
-0.955744
-0.642693
-0.472898
0.705919
0.403421
0.774997
-0.265972
0.186990
-0.007871
-0.355106
0.676239
0.219754
0.686769
0.057593
0.510915
-0.211152
0.345927
0.909786
0.197684
-0.866820
0.287663
0.546391
0.708991
-0.971142
-0.072016
0.207166
-0.210159
0.397664
-0.092935
0.817784
-0.595024
0.389530
-0.534594
-0.758437
-0.697854
0.945458
-0.257699
-0.627941
-0.428634
0.019171
-0.907063
-0.469228
-0.445050
-0.778192
0.438883
0.195224
0.635816
-0.162746
0.642721
0.920715
0.094628
0.018147
-0.291727
-0.992153
0.630456
-0.309658
-0.760416
-0.104158
-0.729378
-0.992965
-0.651792
-0.133658
-0.867537
0.074750
-0.722109
-0.043269
0.092753
0.776680
0.889996
-0.853182
0.912445
-0.289200
-0.454776
-0.543909
-0.564404
-0.905546
-0.459846
0.719800
-0.560868
-0.824602
0.689932
-0.492736
0.010015
0.462084
0.644516
-0.366010
0.243066
0.256381
-0.667776
-0.090114
0.929190
0.098635
-0.941214
-0.449285
0.334085
-0.560290
-0.041710
0.344104
0.634804
-0.069982
-0.930827
-0.850573
-0.851453
0.846753
-0.813269
-0.068048
0.837591
0.076711
0.125390
0.288022
0.565054
0.839180
0.141307
0.721767
-0.044697
0.060103
-0.562986
-0.827072
0.596385
-0.268588
0.436999
0.735718
0.920253
0.724114
0.672000
0.529594
-0.128069
0.590321
0.931135
0.101038
-0.147735
0.463743
0.579907
-0.580637
-0.733413
0.853611
0.165021
0.175798
0.287008
0.839859
0.169020
-0.369830
0.996267
0.539515
0.589942
-0.708258
-0.042492
-0.308655
-0.497391
0.264048
0.937076
-0.309763
-6.153322
-0.327319
-0.000477
-0.585864
-8.263849
0.572639
0.551284
0.971219
-0.376280
-0.951225
-0.141808
0.468154
-0.493330
-0.045873
0.096921
0.457397
-0.709070
0.075889
-0.264953
-0.399522
-0.468280
0.449271
-0.489365
-0.855152
-0.432714
0.825151
-0.146187
-0.611591
-0.520462
0.757377
-0.821906
-0.100777
0.941420
0.719346
-0.865524
-0.260063
0.656261
0.306483
0.018805
0.010491
-0.012397
0.126904
-0.600946
-0.016816
0.593310
-0.090589
-0.049388
0.479368
0.644266
-0.879790
0.177097
0.603964
-0.119025
0.348963
0.625089
-0.610735
0.060434
0.126124
0.896840
0.473394
-0.317490
0.297301
-0.522879
0.113093
-0.873610
0.927087
-0.529037
0.049900
-0.521508
0.574223
0.459037
0.499244
0.909674
-0.652107
0.041501
-0.644731
0.646238
-0.378241
0.248666
-0.085486
-0.352729
-0.749112
0.595679
-0.758401
0.189372
0.852379
0.817664
-0.202002
-0.544059
0.364310
0.477148
0.807084
-0.179381
0.045009
-0.857074
-0.467507
0.555787
0.827420
0.736207
0.840510
-0.817631
-4.359775
0.523934
0.635161
-0.392795
0.666106
-0.611765
-0.830561
0.457914
0.530456
-0.823235
-0.444771
-0.989353
0.212699
0.901600
-0.641748
-0.817485
-0.779421
-0.471749
0.473278
-0.409873
0.933869
-0.872396
0.850721
0.942857
-0.566378
0.548380
-0.931635
-0.956327
-0.089044
-0.877382
0.738030
0.919406
0.249595
-0.225885
0.731650
-0.509688
0.729576
-0.508945
-0.408664
-0.393655
-0.488215
0.588879
-0.058705
-0.675820
0.446339
-1.107563
-0.528494
0.851666
-0.011947
0.505328
-0.080013
-0.812086
-0.613215
-0.069171
0.614089
-0.358163
-0.508426
-0.350650
0.301823
0.126179
0.778118
-0.867681
0.384842
0.399668
-0.498732
-0.131375
0.450841
-0.507831
-0.234898
-0.483401
-0.907703
0.516883
-0.826835
-0.100755
-0.691080
0.249204
-0.031996
-0.261214
0.487128
-0.226397
-0.742412
0.518730
-0.815230
0.434993
0.374236
0.525062
0.726616
-0.785077
-0.218277
0.410404
0.718232
0.465190
0.574257
0.423200
-0.476504
0.246323
0.858325
-0.889422
0.337439
0.833817
-0.065757
-0.239548
0.797897
0.798732
0.527258
0.709999
0.987146
-0.264979
-0.923675
-0.204137
0.924613
-0.558142
-0.202611
-0.194943
-0.141593
-0.496083
0.433323
0.688045
0.652271
0.411023
0.100988
0.058627
-0.662663
-0.306376
0.129750
0.557977
0.303873
-0.050389
0.246243
-0.671605
0.542221
-0.981721
-0.825403
-0.998479
0.423544
0.124512
-0.455503
0.312697
-0.275266
0.448869
-0.697260
0.063684
-0.639899
-0.042540
0.194730
0.634640
0.678957
-0.559973
0.923069
-0.308286
-0.901574
1.133703
-0.864467
-0.689809
0.500098
0.617199
-0.841544
-0.166366
0.444603
-0.767796
0.726963
0.489641
-0.783349
0.388437
-1.379881
0.509806
0.559553
-0.030159
-0.099647
-0.902969
-0.103601
-0.018157
-0.993253
-0.048905
-0.686330
-0.029049
0.136221
-0.457153
0.404385
-0.183168
-0.782638
0.229322
0.345345
-0.479257
-0.880893
-0.118925
0.989911
-0.115728
-0.237941
0.864484
-0.759247
-0.942883
-0.313216
0.647533
-0.877926
-0.693843
0.977384
-0.738285
0.537650
0.454632
0.314124
0.172740
0.292572
0.669324
-0.074195
0.071432
-0.227469
-0.388332
0.755002
-0.157769
0.317969
-0.390147
-0.425998
-0.650588
0.361724
0.726599
-0.928121
-0.067425
0.357362
0.707970
0.724036
-0.988785
0.540341
0.428936
0.757881
-0.727169
0.299550
0.665224
0.815568
-0.085782
-0.873060
-0.979821
0.315599
0.111363
0.616276
-0.178830
0.897163
0.131281
0.600603
-0.881398
-0.244522
0.152761
-0.279705
0.362873
0.036822
0.375718
0.613816
-0.352431
-0.040660
0.514756
-0.572143
-0.391902
0.817334
0.996548
0.002819
-0.503915
0.576954
-0.425134
-1.002718
-0.280753
0.621675
0.064197
-0.493700
-0.936930
0.274357
0.095139
-0.708515
0.464351
-0.289734
-0.088044
-0.174138
0.330377
-0.332047
-0.542796
-0.264039
-0.374411
-0.156277
0.917813
-0.877647
0.691780
0.910739
0.480236
-0.383808
-0.027992
0.413997
0.840951
0.216755
0.021948
0.476155
0.022390
0.109370
-0.362811
-0.486745
-0.673380
-0.157876
-0.016204
0.243220
-0.398923
-0.403324
-0.226494
-0.897512
-0.038479
0.533345
0.487322
-0.517017
0.477391
0.912520
0.544139
0.721184
-0.438635
0.102498
-0.692076
0.931309
-0.607261
0.297940
-0.384500
-0.658031
0.982374
-0.763723
-0.235776
0.337343
0.178673
0.615985
-0.876438
-0.808832
-0.746988
0.873233
-0.240240
0.838475
-0.238676
0.506323
0.750226
0.125835
0.558874
0.088240
-0.805314
-0.327152
0.988115
-0.505249
-0.416060
0.440314
0.672273
0.188471
0.094220
0.982885
-0.667180
0.706172
0.613225
0.025185
-0.841404
-0.816999
-0.955206
0.697074
0.275816
0.821020
-0.087555
0.006177
-0.314779
0.278387
0.566774
-0.032541
0.936858
0.032120
0.844923
0.214983
0.113451
-0.217170
-0.826929
0.021917
0.903474
0.862909
-0.583586
0.250882
0.510331
-0.246177
-0.946221
0.086193
-0.440130
-0.756246
0.098812
0.458054
-0.561647
0.272196
0.898571
0.498643
-0.763009
-0.003279
-0.069243
-0.387329
-0.633927
-0.887981
0.733477
-0.086060
-0.417873
0.889828
0.424498
0.419411
0.490841
-0.962520
-0.719687
-0.199296
0.917236
-0.784273
-0.638008
-0.554148
-0.589870
0.901153
-0.123523
0.615838
-0.575646
0.856141
-0.910294
0.938113
0.781537
0.666556
-0.810037
-0.554464
0.588008
0.190095
-0.640161
-0.992813
-0.107890
0.524412
0.985197
-0.259236
0.604604
0.515001
0.284898
-0.198902
-0.398083
-0.553670
0.676283
-0.299402
0.285244
0.017613
0.377812
-0.269389
-0.885375
-0.465946
-0.991882
-0.191662
0.890303
-0.557504
-0.014464
-0.911339
0.331981
-0.715779
0.849716
-0.270087
-0.825986
0.441013
0.314396
-0.184924
0.729409
-0.047204
0.174499
0.512009
-0.750083
-0.895610
0.040398
-0.109805
-0.463240
0.019661
0.537578
0.742524
0.810748
0.080046
0.288549
-0.506347
-0.687490
-0.370708
0.013252
-0.339322
0.091066
0.041256
0.066082
-0.442478
-0.881875
-0.782485
-0.450502
0.822748
-0.097252
-0.074039
-0.388820
0.595807
0.964516
-0.164633
0.569255
0.854099
-0.944960
0.921413
-0.796602
-0.129337
-0.990321
-0.482561
-0.746335
-0.523866
-0.906350
0.448786
-0.105855
-0.455012
0.321767
-0.228196
-0.947321
-0.842592
0.936940
0.264610
0.490585
0.860532
-0.467801
-0.208219
-0.213153
-0.631863
0.072160
0.192297
0.489275
-0.315317
-0.948031
0.530513
-0.863799
0.387117
0.522419
-0.667105
0.879840
0.607656
-0.351686
-0.327859
-0.557646
0.563972
0.752490
-0.905848
0.067140
-0.133344
0.405027
0.450736
-0.394795
-0.315390
-0.975531
-0.882292
0.876338
0.952780
0.185956
0.472057
0.491953
-0.039183
-0.406447
-0.666590
0.718452
0.365995
0.329325
-0.617490
-0.332501
-0.903631
0.900527
0.363227
0.138039
0.113688
-0.530677
0.127813
0.046233
-0.262726
-0.454285
-0.190244
-0.846574
-0.501969
-0.632800
-0.067362
-0.976060
-0.827171
-0.579176
-0.215843
0.031650
0.473465
-0.564787
0.575934
-0.713797
0.396681
0.891548
-0.258373
-0.332636
0.324696
0.656776
0.974204
-0.609514
-0.301832
0.092342
0.479734
-0.803596
-0.489300
0.666659
0.600560
0.575199
0.676763
-0.377247
-0.336465
-0.797470
-0.887908
0.068466
0.407298
0.646136
-0.319080
0.638729
-0.950736
-0.862961
0.622702
-0.694191
-0.882446
0.570740
-0.641426
-0.941176
0.311373
-0.965863
-0.098901
-0.293916
0.527960
-0.317631
0.905403
0.359906
-0.313600
0.166838
0.612390
0.980617
-0.306473
0.249287
-0.895193
0.956547
0.683001
-0.375799
0.706058
-0.570164
0.322730
-0.181722
-0.277140
0.430574
0.703543
-0.390630
-0.746320
-0.185532
0.457631
-0.154326
-0.205775
-0.012938
0.877314
0.047951
0.862557
-0.847361
-0.472448
-0.078368
0.834278
0.028144
-0.887195
0.164471
-0.580391
-0.567257
0.770908
-0.939133
-0.146581
0.162675
-0.588464
-0.053556
-0.822506
-0.723422
-0.279276
0.333490
-0.714024
0.104266
-0.364665
0.939286
-0.009631
0.239108
0.205688
0.511344
-0.875271
0.678565
0.292690
-0.801995
-0.341146
0.206041
0.445000
0.325301
0.135870
-0.402291
0.830080
-0.860398
0.386972
-0.252759
-0.055215
-0.961225
0.591321
0.632713
-0.862390
0.858213
-0.084645
0.063473
-0.792448
-0.504285
4.497496
0.599905
0.868558
0.622604
-0.665936
0.675331
0.807539
-0.675231
-0.789115
0.422290
0.627250
-0.644009
0.362854
0.888824
0.159400
0.069162
0.993455
-0.284859
-0.149074
-0.977390
0.146343
0.193490
0.513647
0.916625
-0.278072
-0.080866
0.611268
0.776956
0.235793
0.005568
0.227421
0.856041
-0.595005
-0.399750
0.638481
0.900842
0.395480
0.967332
-0.045183
0.125443
-0.513996
-0.407270
-0.682145
0.311765
0.915212
-0.825181
-0.297166
0.471537
0.448983
0.682584
-0.416992
-1.051141
0.145410
0.916876
-0.540326
-0.251541
-0.043301
0.951978
-0.270836
-0.443037
-0.072723
0.820161
-0.482391
0.275292
-0.809981
-0.713491
0.569445
0.301729
0.544046
0.094111
0.201979
0.927994
-0.411181
-0.315487
0.238333
-0.883537
-0.137143
0.982605
-0.489632
-0.871947
-0.346575
-0.049597
-0.380430
-0.255210
0.400325
0.205468
-0.049047
0.831499
-0.277940
-6.902676
-0.346905
-0.196521
0.097804
-0.116805
0.109027
0.262021
0.146012
-0.475711
-0.150430
-0.709127
0.792099
-0.113098
0.992948
0.524728
0.818433
-0.841794
-0.402255
0.890941
-0.062612
0.417189
0.207921
-0.338162
-0.768798
-0.449284
-0.296156
-0.958242
0.144264
0.296594
0.821412
-0.301506
-0.349402
0.501965
-0.133677
-0.525239
0.375842
0.951166
0.425287
0.901220
0.060342
0.210214
-0.178386
0.156085
-0.719319
0.614278
-0.420283
0.376779
0.608660
-0.067329
-0.911352
0.780906
-0.101054
-0.630120
-0.662696
-0.303653
-0.623755
-0.233374
-0.826497
-0.566310
0.034240
0.697409
-0.599144
0.028672
0.262370
0.985136
-0.869268
-0.119158
0.576329
0.458768
0.658063
-0.768651
0.574139
-0.346020
-0.497151
-0.904879
0.587110
-0.314692
0.951779
0.192984
-0.338194
0.888904
-0.209366
-0.823942
-0.274822
-0.969328
-0.199215
0.662287
0.205435
-0.326200
-0.103764
-0.331612
-0.542200
0.277536
-0.443437
0.214904
0.848349
-0.580902
-0.580796
0.598188
0.030774
-0.813005
-0.105800
0.863152
-0.512167
-0.420250
-0.881261
0.538959
0.698432
0.991974
-0.504477
-0.168481
0.974973
0.546235
0.352966
-0.383368
-0.743991
0.520159
-0.932825
-0.060852
0.805628
0.725360
0.730080
-0.634416
-0.320156
-0.793701
0.406884
-0.702377
0.490557
0.886571
-0.890370
-0.025739
-0.975559
-0.629117
0.527951
0.524775
-0.675238
0.623612
0.396107
0.009152
0.392689
-0.578433
-0.019116
0.532232
-0.067087
-0.267822
0.819015
0.185030
-0.530923
0.693171
-0.729543
0.524186
0.724700
0.262385
-0.168327
0.857162
-0.087455
0.669914
0.062220
-0.712875
0.771026
0.655245
-0.870280
-0.717142
0.217123
0.464875
-0.676795
0.944873
0.224226
-0.849216
0.495500
0.875938
0.493238
0.868205
0.004098
-0.403943
-0.173642
-0.690685
0.627181
-0.986549
0.885879
-0.206328
0.918981
-0.806165
-0.779035
0.789405
0.495967
-0.676049
0.097733
0.550018
-0.699892
-0.085158
-0.492929
-0.456509
-0.855021
-0.633809
0.746649
0.531008
0.179115
-0.145630
-0.003551
-0.585784
-0.469330
0.900452
0.805879
-0.021519
0.074518
-0.811600
-0.949755
0.559549
-0.927522
-0.745213
-0.739955
-0.593306
-0.690648
0.451782
-0.774145
0.174524
0.276682
-0.955327
0.143946
-0.485959
-0.357847
0.689176
0.084342
-0.640383
0.257853
-0.773411
0.847195
0.584109
0.391355
-0.578773
0.594397
-0.687544
0.759685
-0.359222
0.659561
0.077068
-0.722494
0.923370
-0.063853
-0.675867
-0.836333
0.928841
-0.282979
0.697548
0.253648
-0.822666
0.158738
0.437964
-0.252645
-0.313420
0.568348
0.473215
0.175379
-0.318019
0.137670
-0.211000
0.452961
-0.773392
-0.582222
-0.036343
0.966572
0.571391
-0.267923
-0.909529
0.751308
0.894656
-0.412100
0.456012
0.588167
0.526646
0.166339
0.385172
0.527377
0.907879
0.327696
0.779763
-0.270271
-0.308632
0.665781
1.010241
0.982036
-0.992063
-0.152183
-0.286532
0.255669
-0.983007
0.330207
-0.552434
0.161123
-0.165714
0.741974
0.224586
0.831296
-0.122111
-0.468276
0.134629
3.976351
0.031907
-0.312563
-0.821477
-0.564418
-0.525082
0.793339
-0.865741
0.195616
-0.168280
-0.524371
0.370489
-0.166167
-0.488651
-0.654722
0.450932
-0.404005
-0.104607
-0.732463
0.653169
-0.676463
0.610394
-0.246491
-0.739636
-8.673373
0.661392
-0.736779
-0.867542
-0.990097
0.586888
0.411246
-0.440315
-0.507123
0.694466
-0.375316
-0.564154
-0.838472
0.602280
0.029368
0.761834
0.464586
-0.834446
0.353917
0.639400
-0.168670
0.751411
0.894698
-0.614568
0.413030
-0.482311
0.870079
-1.019111
0.327799
0.712273
0.771456
0.973039
-0.241794
0.666861
-0.354882
-0.568369
-0.895788
3.076633
-0.390091
-0.683628
-0.898199
0.290741
0.957817
-0.268344
0.189529
0.330891
0.459615
0.300734
-0.376463
-0.980916
-0.327616
0.981906
0.627155
0.758338
-0.389143
0.110404
0.084632
-0.446872
-0.695452
-0.508465
0.848091
0.212379
0.566749
-0.543358
0.199991
0.795152
-0.024708
0.640926
0.411987
0.589860
-0.327913
0.023260
0.390107
0.363178
-0.623113
0.741618
-0.737626
0.984719
0.357771
0.949641
0.809335
-0.058821
-0.945168
-0.776330
0.009665
-0.265752
-0.102320
0.724113
-0.706273
-0.960865
-0.037076
0.157314
0.513515
-0.093416
-0.874501
-0.673170
0.473800
-8.771564
0.139411
-0.166631
0.733601
-0.537455
-0.289839
-0.586976
-0.735883
-0.294699
0.598493
-0.423327
-0.508104
0.980446
-0.543234
-58.662323
-55.458913
-56.493427
-53.995271
-54.228498
-60.083407
-56.690781
-53.219995
-48.723625
-52.431028
-54.352915
-46.228340
-42.974603
-48.421360
-40.891435
-39.289153
-60.305676
-54.849159
-57.989667
-60.447931
-59.099160
-52.759513
-48.508277
-47.918006
-54.158127
-52.579055
-47.857446
-45.100203
-38.966545
-43.017169
-47.249962
-40.946982
-57.616888
-59.734479
-57.911951
-57.011872
-57.755833
-58.316462
-48.740280
-50.899430
-47.031347
-53.196246
-45.279571
-53.408090
-42.190578
-50.668335
-47.360139
-48.628071
8.399547
14.238217
9.038212
7.371592
11.454568
5.325365
15.374222
8.562244
16.609505
11.399822
8.963359
12.162741
13.308945
12.038466
14.833236
11.220544
13.276385
6.955808
9.649533
10.954551
5.709442
5.182296
10.917740
5.580262
9.598873
7.661006
9.076875
10.817301
11.451744
7.953298
12.931743
9.636047
11.633437
14.998624
8.914452
10.784356
12.130594
10.753899
12.411436
13.617677
9.914732
13.792426
13.777188
5.331232
7.084826
10.607868
13.157582
5.637966
1003.557723
705.409710
22.052894
13.747503
17.642313
20.718745
10.225298
17.506821
16.552213
7.233652
10.186934
11.018396
11.629749
6.454879
6.626842
10.587324
1003.785698
707.599889
23.551458
21.281000
17.818172
18.957411
10.822608
10.011852
16.111596
15.253726
14.371347
13.825412
8.983750
11.588095
9.134952
7.172747
1009.948780
707.719356
14.311577
14.485546
12.633060
20.775328
13.790896
14.158717
10.350032
11.013280
6.151066
6.752203
12.195406
12.526902
8.645511
8.845650
-493.580703
16.295717
22.942091
15.354456
14.716283
20.237211
15.670018
17.102329
8.675039
8.769051
6.811703
13.998934
11.589848
4.539251
8.266910
5.028653
-497.157348
21.308907
23.510712
17.086104
18.625079
13.114698
17.198774
18.527474
9.412294
10.844121
8.534829
5.291529
11.239720
12.272953
6.337064
3.151088
-496.123294
22.617097
21.243765
21.928486
15.035332
14.307386
10.315473
15.550593
16.279684
13.745120
11.130834
10.759392
9.263471
12.417628
2.129215
5.791379
